0 20 21 
1 
2 6 21 
3 3 
4 15 22 25 
5 19 
6 
7 
8 20 
9 
10 1 21 
11 20 
12 
13 
14 20 
15 
16 1 
17 20 
18 
19 0 20 
20 
21 0 21 
22 1 
23 20 
24 
25 22 
26 
27 25 
28 
29 0 
30 1 
31 20 
32 
33 
34 
35 20 
36 
37 1 
38 20 
39 
40 0 20 
41 2 25 
42 14 21 
43 15 
44 
45 1 21 
46 20 
47 
48 6 22 
49 2 
50 21 
51 
52 
53 0 
54 1 
55 20 25 
56 
57 
58 
59 1 21 
60 12 25 
61 14 
62 
63 1 
64 20 
65 
66 20 
67 
68 3 21 
69 6 22 
70 14 
71 10 25 
72 16 
73 
74 6 
75 2 
76 14 21 
77 17 25 
78 12 
79 
80 0 
81 1 
82 20 
83 
84 0 
85 1 
86 25 
87 
88 0 
89 1 
90 20 
91 
92 
93 1 21 
94 
95 1 
96 12 20 25 
97 2 
98 21 
99 
100 0 20 
101 17 25 
102 
103 0 21 
104 1 
105 6 
106 5 25 
107 4 
108 
109 
110 
111 0 
112 1 
113 
114 
115 
116 25 
117 
118 1 
119 20 
120 
121 25 
122 
123 1 
124 20 
125 
126 0 21 
127 
128 20 
129 
130 0 20 
131 25 
132 15 
133 
134 20 
135 
136 1 
137 20 
138 
139 0 21 
140 1 
141 
142 
143 0 22 
144 1 
145 25 
146 
147 0 
148 1 
149 20 
150 
151 0 22 
152 1 
153 
154 
155 0 
156 1 
157 20 
158 
159 0 
160 1 
161 20 
162 
163 
164 0 
165 1 
166 25 
167 14 
168 
169 0 
170 1 
171 20 
172 
173 0 
174 1 
175 25 
176 
177 25 
178 
179 0 
180 1 
181 15 
182 7 
183 
184 
185 0 
186 1 
187 20 
188 
189 
190 
191 1 21 
192 25 
193 
194 1 
195 20 
196 
197 1 
198 
199 1 
200 20 
201 
202 0 22 
203 14 
204 6 
205 2 
206 10 21 
207 15 
208 12 
209 16 
210 
211 0 20 
212 
213 0 20 
214 17 25 
215 12 
216 14 
217 
218 0 20 
219 
220 
221 6 21 
222 3 
223 15 22 
224 19 
225 25 
226 
227 1 
228 20 
229 
230 2 22 
231 21 
232 
233 6 
234 2 
235 21 
236 
237 22 
238 
239 
240 
241 
242 
243 0 
244 1 
245 12 25 
246 7 
247 18 
248 
249 0 
250 1 
251 20 
252 
253 0 
254 1 
255 17 25 
256 6 
257 3 
258 14 22 
259 5 
260 8 
261 16 
262 
263 
264 0 
265 1 
266 15 
267 
268 
269 
270 
271 
272 1 21 
273 20 
274 
275 1 
276 20 
277 
278 20 21 
279 
280 0 20 
281 17 25 
282 12 
283 
284 21 22 
285 
286 21 25 
287 
288 22 
289 
290 22 
291 
292 
293 
294 0 25 
295 1 
296 20 
297 
298 
299 20 25 
300 
301 1 
302 20 
303 
304 1 
305 20 
306 
307 0 20 22 
308 15 25 
309 
310 0 20 
311 25 
312 
313 1 21 
314 20 
315 
316 6 21 
317 3 
318 22 25 
319 
320 2 22 
321 21 
322 
323 
324 0 
325 1 
326 20 
327 
328 0 
329 1 
330 20 
331 
332 
333 
334 20 
335 
336 21 
337 
338 1 22 
339 20 
340 
341 1 
342 20 
343 
344 1 
345 20 
346 
347 1 
348 20 
349 
350 1 
351 20 
352 
353 1 
354 20 
355 
356 20 21 
357 
358 20 22 
359 
360 0 20 
361 3 25 
362 22 
363 
364 0 20 
365 
366 20 
367 
368 0 20 
369 
370 6 21 22 
371 9 25 
372 
373 21 
374 
375 21 
376 
377 0 21 
378 1 
379 20 
380 
381 21 
382 
383 2 22 
384 21 
385 
386 6 22 
387 10 25 
388 
389 2 22 
390 21 
391 
392 22 
393 
394 0 22 
395 1 
396 20 
397 
398 0 
399 9 
400 
401 25 
402 
403 0 
404 1 
405 15 20 25 
406 
407 0 
408 1 
409 20 
410 
411 
412 0 
413 1 
414 20 
415 
416 0 
417 1 
418 20 
419 
420 0 
421 1 
422 20 
423 
424 25 
425 
426 
427 25 
428 
429 
430 
431 
432 20 
433 
434 21 
435 
436 1 22 
437 20 
438 
439 1 
440 20 
441 
442 1 
443 20 
444 
445 1 
446 20 
447 
448 1 
449 20 
450 
451 1 
452 20 
453 
454 20 21 
455 
456 0 20 22 
457 
458 0 20 
459 3 
460 16 22 
461 4 
462 
463 0 20 
464 2 
465 4 21 25 
466 
467 0 20 
468 
469 0 20 
470 
471 6 21 22 
472 15 
473 19 
474 25 
475 
476 1 21 
477 20 
478 
479 3 21 
480 9 22 
481 
482 1 21 
483 20 
484 
485 1 21 
486 20 
487 
488 2 22 
489 21 
490 
491 22 
492 
493 22 
494 
495 6 22 
496 2 
497 21 
498 
499 22 
500 
501 0 
502 17 25 
503 5 
504 19 
505 12 
506 7 
507 
508 
509 
510 0 
511 1 
512 20 
513 
514 
515 
516 0 
517 1 
518 20 
519 
520 0 
521 1 
522 20 
523 
524 
525 
526 
527 
528 
529 
530 20 
531 
532 1 21 
533 25 
534 
535 1 
536 20 
537 
538 1 
539 20 
540 
541 1 
542 
543 25 
544 
545 1 
546 20 
547 
548 1 
549 
550 20 21 
551 
552 20 22 
553 
554 0 
555 14 
556 25 
557 
558 0 20 
559 15 25 
560 
561 0 20 
562 14 25 
563 
564 0 
565 6 
566 25 
567 
568 6 21 
569 14 25 
570 
571 3 
572 1 22 
573 20 
574 
575 21 
576 
577 21 
578 
579 
580 2 22 
581 21 
582 
583 
584 6 22 
585 2 
586 8 
587 15 25 
588 
589 6 22 
590 2 
591 21 
592 
593 
594 0 
595 1 25 
596 20 
597 
598 0 
599 1 
600 14 25 
601 
602 25 
603 
604 25 
605 
606 0 
607 1 
608 6 25 
609 
610 
611 0 
612 1 
613 20 
614 
615 0 
616 1 
617 25 
618 
619 0 
620 1 
621 20 
622 
623 25 
624 
625 25 
626 
627 0 
628 1 
629 20 
630 
631 0 
632 1 
633 20 
634 
635 0 
636 1 
637 3 25 
638 6 22 
639 2 
640 5 21 
641 
642 20 
643 
644 1 
645 4 20 25 
646 
647 1 22 
648 
649 6 
650 12 
651 
652 1 
653 20 
654 
655 1 
656 
657 1 
658 20 
659 
660 4 20 22 
661 25 
662 
663 0 21 
664 
665 20 
666 
667 0 20 
668 25 
669 
670 0 
671 14 25 
672 
673 0 20 
674 25 
675 
676 0 20 
677 25 
678 
679 6 21 22 
680 9 25 
681 12 
682 16 
683 7 
684 
685 1 21 
686 20 
687 
688 3 
689 9 22 25 
690 
691 6 21 
692 3 
693 11 22 25 
694 14 
695 
696 6 21 
697 3 
698 25 
699 
700 1 22 
701 20 
702 
703 0 22 
704 1 
705 25 
706 
707 6 
708 2 
709 21 
710 
711 6 22 
712 2 25 
713 18 
714 
715 0 22 25 
716 1 
717 
718 0 
719 15 25 
720 14 
721 
722 
723 0 
724 1 
725 25 
726 
727 0 
728 1 
729 20 
730 
731 
732 0 
733 1 
734 2 25 
735 21 
736 
737 
738 0 
739 1 
740 15 20 25 
741 
742 0 
743 1 
744 9 25 
745 14 
746 
747 
748 25 
749 
750 
751 25 
752 
753 
754 20 
755 
756 
757 20 
758 
759 9 22 25 
760 14 
761 10 
762 15 
763 
764 21 
765 
766 1 
767 20 
768 
769 1 21 
770 25 
771 
772 1 22 
773 20 
774 
775 22 25 
776 
777 1 
778 20 
779 
780 1 
781 19 
782 15 
783 
784 1 
785 20 
786 
787 1 
788 20 
789 
790 1 
791 20 
792 
793 1 
794 20 
795 
796 1 
797 11 25 
798 3 
799 17 22 
800 
801 
802 1 
803 17 25 
804 
805 1 25 
806 20 
807 
808 1 
809 6 
810 7 
811 
812 25 
813 
814 1 
815 5 20 25 
816 6 
817 4 
818 18 
819 2 
820 
821 1 
822 20 
823 
824 20 
825 
826 0 21 
827 25 
828 
829 20 
830 
831 0 22 
832 25 
833 
834 0 20 
835 
836 0 22 
837 
838 20 
839 
840 20 
841 
842 20 
843 
844 0 20 
845 25 
846 6 
847 12 
848 19 
849 
850 0 
851 15 25 
852 
853 0 20 
854 
855 0 
856 19 25 
857 14 
858 
859 0 20 
860 9 
861 25 
862 
863 0 
864 14 
865 
866 0 20 
867 15 25 
868 16 
869 
870 0 20 
871 25 
872 
873 20 
874 
875 0 20 
876 
877 21 22 
878 
879 6 22 
880 14 
881 
882 6 21 22 
883 10 25 
884 7 
885 5 
886 
887 3 21 
888 1 
889 20 
890 
891 3 21 
892 1 22 
893 
894 21 
895 
896 
897 3 21 
898 9 
899 16 
900 15 
901 8 
902 
903 3 
904 9 22 
905 
906 21 
907 
908 
909 0 21 
910 1 
911 14 25 
912 
913 6 21 
914 3 25 
915 18 
916 
917 0 21 
918 1 
919 18 
920 
921 1 21 
922 20 
923 
924 
925 2 
926 1 21 
927 20 
928 
929 1 22 
930 20 
931 
932 9 22 
933 25 
934 
935 22 
936 
937 0 22 
938 1 
939 2 25 
940 21 
941 
942 2 
943 21 
944 
945 0 22 
946 1 
947 14 
948 
949 25 
950 
951 0 22 
952 1 
953 20 
954 
955 6 
956 2 
957 21 
958 
959 22 25 
960 
961 0 22 
962 1 
963 6 25 
964 
965 22 
966 
967 0 
968 1 
969 6 25 
970 2 
971 21 
972 
973 0 
974 1 
975 20 
976 
977 0 
978 1 
979 14 
980 
981 0 
982 9 25 
983 
984 25 
985 
986 
987 1 25 
988 20 
989 
990 0 
991 1 25 
992 
993 
994 0 
995 1 25 
996 
997 
998 
999 
1000 0 
1001 1 
1002 20 
1003 
1004 
1005 25 
1006 
1007 0 
1008 1 
1009 2 25 
1010 21 
1011 
1012 0 
1013 1 
1014 20 
1015 
1016 0 
1017 1 
1018 25 
1019 
1020 0 
1021 1 
1022 20 
1023 
1024 0 
1025 1 
1026 14 
1027 
1028 0 
1029 1 
1030 20 
1031 
1032 0 
1033 1 
1034 20 
1035 
1036 0 
1037 1 
1038 20 
1039 
1040 0 
1041 1 
1042 20 
1043 
1044 0 
1045 1 
1046 
1047 0 
1048 1 
1049 20 
1050 
1051 0 
1052 1 
1053 6 25 
1054 
1055 25 
1056 
1057 
1058 
1059 25 
1060 
1061 0 
1062 1 
1063 20 
1064 
1065 
1066 0 25 
1067 1 
1068 6 
1069 
1070 
1071 0 
1072 1 
1073 
1074 12 
1075 
1076 0 
1077 1 
1078 7 
1079 
1080 
1081 0 
1082 1 
1083 20 
1084 
1085 
1086 
1087 
1088 20 
1089 
1090 6 25 
1091 
1092 1 21 
1093 20 
1094 
1095 1 21 
1096 4 
1097 
1098 1 21 
1099 20 
1100 
1101 1 22 
1102 20 
1103 
1104 1 
1105 20 
1106 
1107 1 22 
1108 20 
1109 
1110 1 
1111 6 
1112 17 25 
1113 2 
1114 21 
1115 
1116 6 
1117 5 
1118 3 
1119 22 
1120 
1121 1 
1122 6 25 
1123 
1124 1 
1125 20 
1126 
1127 1 
1128 14 
1129 
1130 1 
1131 20 
1132 
1133 1 
1134 20 
1135 
1136 1 
1137 20 
1138 
1139 1 
1140 20 25 
1141 
1142 1 
1143 10 25 
1144 
1145 1 
1146 20 
1147 
1148 1 
1149 6 25 
1150 
1151 1 
1152 20 
1153 
1154 21 22 
1155 
1156 20 21 
1157 
1158 20 
1159 
1160 20 21 
1161 
1162 0 20 22 
1163 
1164 0 22 
1165 
1166 20 
1167 
1168 0 
1169 6 
1170 17 25 
1171 19 
1172 2 
1173 21 
1174 
1175 0 20 
1176 
1177 0 
1178 2 
1179 21 
1180 
1181 0 20 
1182 6 25 
1183 18 
1184 4 
1185 3 
1186 14 
1187 
1188 0 20 
1189 9 25 
1190 16 
1191 5 
1192 17 
1193 2 
1194 
1195 0 20 
1196 
1197 0 20 
1198 25 
1199 
1200 0 
1201 6 25 
1202 
1203 0 20 
1204 
1205 0 
1206 6 25 
1207 
1208 0 20 
1209 6 25 
1210 16 
1211 9 
1212 7 
1213 2 
1214 21 
1215 
1216 0 
1217 
1218 0 20 
1219 
1220 9 22 25 
1221 10 
1222 15 
1223 12 
1224 16 
1225 
1226 6 21 
1227 9 
1228 15 
1229 12 
1230 16 
1231 
1232 
1233 3 21 
1234 1 22 
1235 
1236 1 
1237 20 
1238 
1239 21 
1240 
1241 21 
1242 
1243 3 21 
1244 9 22 
1245 
1246 3 21 
1247 9 25 
1248 
1249 
1250 6 21 
1251 3 
1252 12 
1253 14 
1254 
1255 1 25 
1256 20 
1257 
1258 6 21 25 
1259 3 
1260 22 
1261 
1262 6 
1263 3 
1264 22 
1265 
1266 0 21 
1267 1 
1268 6 
1269 5 25 
1270 
1271 6 21 
1272 3 
1273 5 
1274 
1275 2 22 
1276 21 
1277 
1278 1 
1279 20 
1280 
1281 22 
1282 
1283 
1284 2 22 
1285 9 25 
1286 16 
1287 15 
1288 8 
1289 
1290 2 22 
1291 21 
1292 
1293 6 22 
1294 2 
1295 14 
1296 12 
1297 15 
1298 18 
1299 
1300 0 22 
1301 1 
1302 25 
1303 
1304 
1305 0 22 
1306 1 
1307 
1308 
1309 22 
1310 
1311 
1312 
1313 0 
1314 1 
1315 2 25 
1316 21 
1317 
1318 0 
1319 5 
1320 
1321 0 
1322 1 25 
1323 17 
1324 
1325 
1326 0 
1327 1 
1328 15 
1329 16 
1330 
1331 
1332 
1333 
1334 
1335 0 
1336 1 
1337 
1338 0 
1339 1 
1340 20 
1341 
1342 0 
1343 1 
1344 14 25 
1345 9 
1346 2 
1347 21 
1348 
1349 
1350 0 
1351 1 
1352 2 
1353 21 
1354 
1355 
1356 
1357 
1358 
1359 0 
1360 1 
1361 14 
1362 25 
1363 
1364 
1365 0 
1366 1 
1367 
1368 0 
1369 1 
1370 20 
1371 
1372 0 
1373 1 
1374 2 
1375 21 
1376 
1377 0 
1378 1 
1379 15 20 25 
1380 
1381 0 
1382 1 
1383 20 
1384 
1385 9 
1386 
1387 6 
1388 0 
1389 1 
1390 20 
1391 
1392 0 
1393 1 
1394 15 25 
1395 
1396 
1397 0 
1398 1 
1399 5 25 
1400 
1401 16 25 
1402 
1403 
1404 
1405 25 
1406 
1407 
1408 6 
1409 0 25 
1410 1 
1411 20 
1412 
1413 
1414 
1415 0 
1416 1 
1417 
1418 
1419 0 
1420 1 
1421 
1422 
