0 0 1 2 
1 0 1 2 20 21 
2 2 7 9 
3 2 7 9 6 21 
4 2 7 9 6 3 21 
5 2 7 9 6 3 15 21 22 25 
6 2 7 9 6 3 15 19 21 22 25 
7 5 15 16 
8 0 1 11 26 
9 0 1 11 20 26 
10 2 7 18 26 
11 2 7 18 1 21 26 
12 2 7 18 1 21 20 26 
13 5 18 19 26 
14 0 1 8 23 
15 0 1 8 20 23 
16 0 10 18 25 
17 0 10 18 1 25 
18 0 10 18 1 20 25 
19 1 8 12 24 
20 1 8 12 0 20 24 
21 2 7 15 23 
22 2 7 15 0 21 23 
23 2 7 15 0 1 21 23 
24 2 7 15 0 1 21 20 23 
25 3 8 11 25 
26 3 8 11 22 25 
27 4 10 15 24 
28 4 10 15 24 25 
29 5 16 19 23 
30 5 16 19 0 23 
31 5 16 19 0 1 23 
32 5 16 19 0 1 20 23 
33 7 13 14 25 
34 10 11 19 24 
35 0 1 17 23 26 
36 0 1 17 20 23 26 
37 0 11 19 25 26 
38 0 11 19 1 25 26 
39 0 11 19 1 20 25 26 
40 1 9 11 24 26 
41 1 9 11 0 20 24 26 
42 1 9 11 0 2 20 24 25 26 
43 1 9 11 0 2 14 20 21 24 25 26 
44 1 9 11 0 2 14 15 20 21 24 25 26 
45 2 8 13 23 26 
46 2 8 13 1 21 23 26 
47 2 8 13 1 21 20 23 26 
48 3 9 10 25 26 
49 3 9 10 6 22 25 26 
50 3 9 10 6 2 22 25 26 
51 3 9 10 6 2 22 21 25 26 
52 4 11 16 24 26 
53 6 7 13 23 26 
54 6 7 13 0 23 26 
55 6 7 13 0 1 23 26 
56 6 7 13 0 1 20 23 25 26 
57 7 14 18 25 26 
58 10 13 15 24 26 
59 0 2 9 20 
60 0 2 9 1 20 21 
61 0 2 9 1 12 20 21 25 
62 0 2 9 1 12 14 20 21 25 
63 0 13 15 22 
64 0 13 15 1 22 
65 0 13 15 1 22 20 
66 1 10 11 21 
67 1 10 11 21 20 
68 2 9 12 20 
69 2 9 12 3 20 21 
70 2 9 12 3 6 20 21 22 
71 2 9 12 3 6 14 20 21 22 
72 2 9 12 3 6 14 10 20 21 22 25 
73 2 9 12 3 6 14 10 16 20 21 22 25 
74 3 9 19 22 
75 3 9 19 6 22 
76 3 9 19 6 2 22 
77 3 9 19 6 2 14 22 21 
78 3 9 19 6 2 14 17 22 21 25 
79 3 9 19 6 2 14 17 12 22 21 25 
80 4 12 18 21 
81 4 12 18 0 21 
82 4 12 18 0 1 21 
83 4 12 18 0 1 21 20 
84 6 8 11 20 
85 6 8 11 0 20 
86 6 8 11 0 1 20 
87 6 8 11 0 1 20 25 
88 7 17 18 22 
89 7 17 18 0 22 
90 7 17 18 0 1 22 
91 7 17 18 0 1 22 20 
92 10 14 19 21 
93 0 2 18 20 26 
94 0 2 18 1 20 21 26 
95 0 14 19 22 26 
96 0 14 19 1 22 26 
97 0 14 19 1 12 22 20 25 26 
98 0 14 19 1 12 2 22 20 25 26 
99 0 14 19 1 12 2 22 20 21 25 26 
100 1 11 12 21 26 
101 1 11 12 0 21 20 26 
102 1 11 12 0 17 21 20 25 26 
103 2 10 12 20 26 
104 2 10 12 0 20 21 26 
105 2 10 12 0 1 20 21 26 
106 2 10 12 0 1 6 20 21 26 
107 2 10 12 0 1 6 5 20 21 25 26 
108 2 10 12 0 1 6 5 4 20 21 25 26 
109 3 10 19 22 26 
110 4 14 16 21 26 
111 6 9 10 20 26 
112 6 9 10 0 20 26 
113 6 9 10 0 1 20 26 
114 8 9 16 22 26 
115 10 17 19 21 26 
116 0 1 16 20 23 
117 0 1 16 20 23 25 
118 0 4 10 21 25 
119 0 4 10 1 21 25 
120 0 4 10 1 21 20 25 
121 0 7 14 20 24 
122 0 7 14 20 24 25 
123 0 11 18 22 23 
124 0 11 18 1 22 23 
125 0 11 18 1 22 20 23 
126 1 2 16 20 25 
127 1 2 16 0 20 21 25 
128 1 5 13 22 24 
129 1 5 13 22 20 24 
130 1 9 10 21 23 
131 1 9 10 0 21 20 23 
132 1 9 10 0 21 20 23 25 
133 1 9 10 0 15 21 20 23 25 
134 1 14 17 22 25 
135 1 14 17 22 20 25 
136 2 4 19 21 24 
137 2 4 19 1 21 24 
138 2 4 19 1 21 20 24 
139 2 8 12 20 23 
140 2 8 12 0 20 21 23 
141 2 8 12 0 1 20 21 23 
142 2 13 14 21 25 
143 3 5 13 20 24 
144 3 5 13 0 20 22 24 
145 3 5 13 0 1 20 22 24 
146 3 5 13 0 1 20 22 24 25 
147 3 8 19 22 23 
148 3 8 19 0 22 23 
149 3 8 19 0 1 22 23 
150 3 8 19 0 1 22 20 23 
151 3 14 17 20 25 
152 3 14 17 0 20 22 25 
153 3 14 17 0 1 20 22 25 
154 4 7 10 22 24 
155 4 11 15 21 23 
156 4 11 15 0 21 23 
157 4 11 15 0 1 21 23 
158 4 11 15 0 1 21 20 23 
159 5 6 16 22 25 
160 5 6 16 0 22 25 
161 5 6 16 0 1 22 25 
162 5 6 16 0 1 22 20 25 
163 5 10 17 21 24 
164 6 7 12 20 23 
165 6 7 12 0 20 23 
166 6 7 12 0 1 20 23 
167 6 7 12 0 1 20 23 25 
168 6 7 12 0 1 14 20 23 25 
169 6 11 16 21 25 
170 6 11 16 0 21 25 
171 6 11 16 0 1 21 25 
172 6 11 16 0 1 21 20 25 
173 7 9 10 20 24 
174 7 9 10 0 20 24 
175 7 9 10 0 1 20 24 
176 7 9 10 0 1 20 24 25 
177 7 14 17 22 23 
178 7 14 17 22 23 25 
179 8 12 16 20 25 
180 8 12 16 0 20 25 
181 8 12 16 0 1 20 25 
182 8 12 16 0 1 15 20 25 
183 8 12 16 0 1 15 7 20 25 
184 9 12 13 22 24 
185 10 13 14 21 23 
186 10 13 14 0 21 23 
187 10 13 14 0 1 21 23 
188 10 13 14 0 1 21 20 23 
189 11 15 19 22 25 
190 14 15 16 21 24 
191 0 2 8 20 23 26 
192 0 2 8 1 20 21 23 26 
193 0 2 8 1 20 21 23 25 26 
194 0 4 19 21 25 26 
195 0 4 19 1 21 25 26 
196 0 4 19 1 21 20 25 26 
197 0 8 12 20 24 26 
198 0 8 12 1 20 24 26 
199 0 13 14 22 23 26 
200 0 13 14 1 22 23 26 
201 0 13 14 1 22 20 23 26 
202 1 3 9 20 25 26 
203 1 3 9 0 20 22 25 26 
204 1 3 9 0 14 20 22 25 26 
205 1 3 9 0 14 6 20 22 25 26 
206 1 3 9 0 14 6 2 20 22 25 26 
207 1 3 9 0 14 6 2 10 20 22 21 25 26 
208 1 3 9 0 14 6 2 10 15 20 22 21 25 26 
209 1 3 9 0 14 6 2 10 15 12 20 22 21 25 26 
210 1 3 9 0 14 6 2 10 15 12 16 20 22 21 25 26 
211 1 6 9 22 24 26 
212 1 6 9 0 22 20 24 26 
213 1 9 19 21 23 26 
214 1 9 19 0 21 20 23 26 
215 1 9 19 0 17 21 20 23 25 26 
216 1 9 19 0 17 12 21 20 23 25 26 
217 1 9 19 0 17 12 14 21 20 23 25 26 
218 1 16 19 22 25 26 
219 1 16 19 0 22 20 25 26 
220 2 5 14 21 24 26 
221 2 9 11 20 23 26 
222 2 9 11 6 20 21 23 26 
223 2 9 11 6 3 20 21 23 26 
224 2 9 11 6 3 15 20 21 22 23 26 
225 2 9 11 6 3 15 19 20 21 22 23 26 
226 2 9 11 6 3 15 19 20 21 22 23 25 26 
227 2 14 18 21 25 26 
228 2 14 18 1 21 25 26 
229 2 14 18 1 21 20 25 26 
230 3 6 9 20 24 26 
231 3 6 9 2 20 22 24 26 
232 3 6 9 2 20 22 21 24 26 
233 3 9 18 22 23 26 
234 3 9 18 6 22 23 26 
235 3 9 18 6 2 22 23 26 
236 3 9 18 6 2 22 21 23 26 
237 3 16 19 20 25 26 
238 3 16 19 20 22 25 26 
239 4 7 19 22 24 26 
240 4 12 17 21 23 26 
241 5 7 13 22 25 26 
242 5 11 18 21 24 26 
243 6 8 10 20 23 26 
244 6 8 10 0 20 23 26 
245 6 8 10 0 1 20 23 26 
246 6 8 10 0 1 12 20 23 25 26 
247 6 8 10 0 1 12 7 20 23 25 26 
248 6 8 10 0 1 12 7 18 20 23 25 26 
249 6 12 18 21 25 26 
250 6 12 18 0 21 25 26 
251 6 12 18 0 1 21 25 26 
252 6 12 18 0 1 21 20 25 26 
253 7 9 19 20 24 26 
254 7 9 19 0 20 24 26 
255 7 9 19 0 1 20 24 26 
256 7 9 19 0 1 17 20 24 25 26 
257 7 9 19 0 1 17 6 20 24 25 26 
258 7 9 19 0 1 17 6 3 20 24 25 26 
259 7 9 19 0 1 17 6 3 14 20 22 24 25 26 
260 7 9 19 0 1 17 6 3 14 5 20 22 24 25 26 
261 7 9 19 0 1 17 6 3 14 5 8 20 22 24 25 26 
262 7 9 19 0 1 17 6 3 14 5 8 16 20 22 24 25 26 
263 7 16 19 22 23 26 
264 8 13 19 20 25 26 
265 8 13 19 0 20 25 26 
266 8 13 19 0 1 20 25 26 
267 8 13 19 0 1 15 20 25 26 
268 9 13 16 22 24 26 
269 10 14 18 21 23 26 
270 12 13 16 22 25 26 
271 14 18 19 21 24 26 
272 0 2 18 19 
273 0 2 18 19 1 21 
274 0 2 18 19 1 21 20 
275 0 6 14 18 
276 0 6 14 18 1 
277 0 6 14 18 1 20 
278 1 2 9 14 
279 1 2 9 14 20 21 
280 1 6 8 13 
281 1 6 8 13 0 20 
282 1 6 8 13 0 17 20 25 
283 1 6 8 13 0 17 12 20 25 
284 2 3 6 13 
285 2 3 6 13 21 22 
286 2 7 10 14 
287 2 7 10 14 21 25 
288 3 5 7 11 
289 3 5 7 11 22 
290 3 12 13 14 
291 3 12 13 14 22 
292 4 9 15 18 
293 5 10 12 16 
294 6 14 17 19 
295 6 14 17 19 0 25 
296 6 14 17 19 0 1 25 
297 6 14 17 19 0 1 20 25 
298 8 14 16 19 
299 0 1 4 11 26 
300 0 1 4 11 20 25 26 
301 0 4 5 19 26 
302 0 4 5 19 1 26 
303 0 4 5 19 1 20 26 
304 0 9 10 12 26 
305 0 9 10 12 1 26 
306 0 9 10 12 1 20 26 
307 1 3 10 19 26 
308 1 3 10 19 0 20 22 26 
309 1 3 10 19 0 15 20 22 25 26 
310 1 8 9 16 26 
311 1 8 9 16 0 20 26 
312 1 8 9 16 0 20 25 26 
313 2 4 8 19 26 
314 2 4 8 19 1 21 26 
315 2 4 8 19 1 21 20 26 
316 2 9 15 18 26 
317 2 9 15 18 6 21 26 
318 2 9 15 18 6 3 21 26 
319 2 9 15 18 6 3 21 22 25 26 
320 3 6 13 16 26 
321 3 6 13 16 2 22 26 
322 3 6 13 16 2 22 21 26 
323 4 5 14 17 26 
324 5 6 7 14 26 
325 5 6 7 14 0 26 
326 5 6 7 14 0 1 26 
327 5 6 7 14 0 1 20 26 
328 6 7 10 15 26 
329 6 7 10 15 0 26 
330 6 7 10 15 0 1 26 
331 6 7 10 15 0 1 20 26 
332 7 10 14 16 26 
333 10 11 12 13 26 
334 0 1 5 15 25 
335 0 1 5 15 20 25 
336 0 2 5 7 24 
337 0 2 5 7 21 24 
338 0 3 5 15 23 
339 0 3 5 15 1 22 23 
340 0 3 5 15 1 22 20 23 
341 0 4 7 12 25 
342 0 4 7 12 1 25 
343 0 4 7 12 1 20 25 
344 0 5 10 19 24 
345 0 5 10 19 1 24 
346 0 5 10 19 1 20 24 
347 0 7 9 12 23 
348 0 7 9 12 1 23 
349 0 7 9 12 1 20 23 
350 0 9 12 15 25 
351 0 9 12 15 1 25 
352 0 9 12 15 1 20 25 
353 0 14 15 18 24 
354 0 14 15 18 1 24 
355 0 14 15 18 1 20 24 
356 1 2 12 15 23 
357 1 2 12 15 20 21 23 
358 1 3 13 16 25 
359 1 3 13 16 20 22 25 
360 1 5 6 11 24 
361 1 5 6 11 0 20 24 
362 1 5 6 11 0 3 20 24 25 
363 1 5 6 11 0 3 20 22 24 25 
364 1 6 10 19 23 
365 1 6 10 19 0 20 23 
366 1 8 11 17 25 
367 1 8 11 17 20 25 
368 1 11 14 18 24 
369 1 11 14 18 0 20 24 
370 2 3 8 15 23 
371 2 3 8 15 6 21 22 23 
372 2 3 8 15 6 9 21 22 23 25 
373 2 4 10 18 25 
374 2 4 10 18 21 25 
375 2 5 18 19 24 
376 2 5 18 19 21 24 
377 2 7 13 18 23 
378 2 7 13 18 0 21 23 
379 2 7 13 18 0 1 21 23 
380 2 7 13 18 0 1 21 20 23 
381 2 10 12 15 25 
382 2 10 12 15 21 25 
383 3 4 6 11 24 
384 3 4 6 11 2 22 24 
385 3 4 6 11 2 22 21 24 
386 3 5 9 15 23 
387 3 5 9 15 6 22 23 
388 3 5 9 15 6 10 22 23 25 
389 3 6 18 19 25 
390 3 6 18 19 2 22 25 
391 3 6 18 19 2 22 21 25 
392 3 9 10 17 24 
393 3 9 10 17 22 24 
394 3 13 14 19 23 
395 3 13 14 19 0 22 23 
396 3 13 14 19 0 1 22 23 
397 3 13 14 19 0 1 22 20 23 
398 4 6 7 13 25 
399 4 6 7 13 0 25 
400 4 6 7 13 0 9 25 
401 4 7 14 19 24 
402 4 7 14 19 24 25 
403 4 10 13 16 23 
404 4 10 13 16 0 23 
405 4 10 13 16 0 1 23 
406 4 10 13 16 0 1 15 20 23 25 
407 5 6 9 11 25 
408 5 6 9 11 0 25 
409 5 6 9 11 0 1 25 
410 5 6 9 11 0 1 20 25 
411 5 8 9 18 24 
412 5 11 12 13 23 
413 5 11 12 13 0 23 
414 5 11 12 13 0 1 23 
415 5 11 12 13 0 1 20 23 
416 6 7 12 18 25 
417 6 7 12 18 0 25 
418 6 7 12 18 0 1 25 
419 6 7 12 18 0 1 20 25 
420 6 10 11 17 24 
421 6 10 11 17 0 24 
422 6 10 11 17 0 1 24 
423 6 10 11 17 0 1 20 24 
424 7 8 10 14 23 
425 7 8 10 14 23 25 
426 7 11 12 17 25 
427 8 10 11 15 24 
428 8 10 11 15 24 25 
429 9 10 12 16 23 
430 10 11 15 16 25 
431 12 13 15 17 24 
432 0 1 6 9 23 26 
433 0 1 6 9 20 23 26 
434 0 2 5 13 25 26 
435 0 2 5 13 21 25 26 
436 0 3 6 8 24 26 
437 0 3 6 8 1 22 24 26 
438 0 3 6 8 1 22 20 24 26 
439 0 4 7 19 23 26 
440 0 4 7 19 1 23 26 
441 0 4 7 19 1 20 23 26 
442 0 5 11 17 25 26 
443 0 5 11 17 1 25 26 
444 0 5 11 17 1 20 25 26 
445 0 7 9 18 24 26 
446 0 7 9 18 1 24 26 
447 0 7 9 18 1 20 24 26 
448 0 9 13 16 23 26 
449 0 9 13 16 1 23 26 
450 0 9 13 16 1 20 23 26 
451 0 14 17 19 25 26 
452 0 14 17 19 1 25 26 
453 0 14 17 19 1 20 25 26 
454 1 2 13 15 24 26 
455 1 2 13 15 20 21 24 26 
456 1 3 14 18 23 26 
457 1 3 14 18 0 20 22 23 26 
458 1 5 6 17 25 26 
459 1 5 6 17 0 20 25 26 
460 1 5 6 17 0 3 20 25 26 
461 1 5 6 17 0 3 16 20 22 25 26 
462 1 5 6 17 0 3 16 4 20 22 25 26 
463 1 6 11 17 24 26 
464 1 6 11 17 0 20 24 26 
465 1 6 11 17 0 2 20 24 26 
466 1 6 11 17 0 2 4 20 21 24 25 26 
467 1 8 12 17 23 26 
468 1 8 12 17 0 20 23 26 
469 1 11 16 17 25 26 
470 1 11 16 17 0 20 25 26 
471 2 3 9 11 24 26 
472 2 3 9 11 6 21 22 24 26 
473 2 3 9 11 6 15 21 22 24 26 
474 2 3 9 11 6 15 19 21 22 24 26 
475 2 3 9 11 6 15 19 21 22 24 25 26 
476 2 4 11 17 23 26 
477 2 4 11 17 1 21 23 26 
478 2 4 11 17 1 21 20 23 26 
479 2 6 7 13 25 26 
480 2 6 7 13 3 21 25 26 
481 2 6 7 13 3 9 21 22 25 26 
482 2 7 14 19 24 26 
483 2 7 14 19 1 21 24 26 
484 2 7 14 19 1 21 20 24 26 
485 2 10 13 16 23 26 
486 2 10 13 16 1 21 23 26 
487 2 10 13 16 1 21 20 23 26 
488 3 4 6 17 25 26 
489 3 4 6 17 2 22 25 26 
490 3 4 6 17 2 22 21 25 26 
491 3 5 10 12 24 26 
492 3 5 10 12 22 24 26 
493 3 7 8 15 23 26 
494 3 7 8 15 22 23 26 
495 3 9 11 15 25 26 
496 3 9 11 15 6 22 25 26 
497 3 9 11 15 6 2 22 25 26 
498 3 9 11 15 6 2 22 21 25 26 
499 3 13 16 18 24 26 
500 3 13 16 18 22 24 26 
501 4 6 8 9 23 26 
502 4 6 8 9 0 23 26 
503 4 6 8 9 0 17 23 25 26 
504 4 6 8 9 0 17 5 23 25 26 
505 4 6 8 9 0 17 5 19 23 25 26 
506 4 6 8 9 0 17 5 19 12 23 25 26 
507 4 6 8 9 0 17 5 19 12 7 23 25 26 
508 4 7 16 18 25 26 
509 4 10 14 17 24 26 
510 5 6 9 18 23 26 
511 5 6 9 18 0 23 26 
512 5 6 9 18 0 1 23 26 
513 5 6 9 18 0 1 20 23 26 
514 5 8 10 15 25 26 
515 5 11 12 19 24 26 
516 6 7 13 19 23 26 
517 6 7 13 19 0 23 26 
518 6 7 13 19 0 1 23 26 
519 6 7 13 19 0 1 20 23 26 
520 6 10 12 16 25 26 
521 6 10 12 16 0 25 26 
522 6 10 12 16 0 1 25 26 
523 6 10 12 16 0 1 20 25 26 
524 7 8 11 12 24 26 
525 7 11 13 18 23 26 
526 8 10 12 14 25 26 
527 9 10 13 16 24 26 
528 10 11 17 18 23 26 
529 12 13 17 18 25 26 
530 0 1 6 15 21 
531 0 1 6 15 21 20 
532 0 2 6 7 20 
533 0 2 6 7 1 20 21 
534 0 2 6 7 1 20 21 25 
535 0 3 6 14 22 
536 0 3 6 14 1 22 
537 0 3 6 14 1 22 20 
538 0 4 8 14 21 
539 0 4 8 14 1 21 
540 0 4 8 14 1 21 20 
541 0 5 12 17 20 
542 0 5 12 17 1 20 
543 0 7 10 15 22 
544 0 7 10 15 22 25 
545 0 9 14 17 21 
546 0 9 14 17 1 21 
547 0 9 14 17 1 21 20 
548 0 15 18 19 20 
549 0 15 18 19 1 20 
550 1 2 14 16 22 
551 1 2 14 16 22 20 21 
552 1 3 16 17 21 
553 1 3 16 17 21 20 22 
554 1 5 7 12 20 
555 1 5 7 12 0 20 
556 1 5 7 12 0 14 20 
557 1 5 7 12 0 14 20 25 
558 1 6 12 16 22 
559 1 6 12 16 0 22 20 
560 1 6 12 16 0 15 22 20 25 
561 1 8 13 17 21 
562 1 8 13 17 0 21 20 
563 1 8 13 17 0 14 21 20 25 
564 1 12 13 15 20 
565 1 12 13 15 0 20 
566 1 12 13 15 0 6 20 
567 1 12 13 15 0 6 20 25 
568 2 3 9 17 22 
569 2 3 9 17 6 22 21 
570 2 3 9 17 6 14 22 21 25 
571 2 4 12 16 21 
572 2 4 12 16 3 21 
573 2 4 12 16 3 1 21 22 
574 2 4 12 16 3 1 21 22 20 
575 2 6 8 9 20 
576 2 6 8 9 20 21 
577 2 7 16 18 22 
578 2 7 16 18 22 21 
579 2 10 14 17 21 
580 3 4 7 12 20 
581 3 4 7 12 2 20 22 
582 3 4 7 12 2 20 22 21 
583 3 5 10 18 22 
584 3 7 9 11 21 
585 3 7 9 11 6 21 22 
586 3 7 9 11 6 2 21 22 
587 3 7 9 11 6 2 8 21 22 
588 3 7 9 11 6 2 8 15 21 22 25 
589 3 9 12 15 20 
590 3 9 12 15 6 20 22 
591 3 9 12 15 6 2 20 22 
592 3 9 12 15 6 2 20 22 21 
593 3 14 15 17 22 
594 4 6 8 15 21 
595 4 6 8 15 0 21 
596 4 6 8 15 0 1 21 25 
597 4 6 8 15 0 1 21 20 25 
598 4 8 9 12 20 
599 4 8 9 12 0 20 
600 4 8 9 12 0 1 20 
601 4 8 9 12 0 1 14 20 25 
602 4 10 15 19 22 
603 4 10 15 19 22 25 
604 5 6 10 15 21 
605 5 6 10 15 21 25 
606 5 8 11 14 20 
607 5 8 11 14 0 20 
608 5 8 11 14 0 1 20 
609 5 8 11 14 0 1 6 20 25 
610 5 11 13 19 22 
611 6 7 15 16 21 
612 6 7 15 16 0 21 
613 6 7 15 16 0 1 21 
614 6 7 15 16 0 1 21 20 
615 6 10 13 17 20 
616 6 10 13 17 0 20 
617 6 10 13 17 0 1 20 
618 6 10 13 17 0 1 20 25 
619 7 8 11 18 22 
620 7 8 11 18 0 22 
621 7 8 11 18 0 1 22 
622 7 8 11 18 0 1 22 20 
623 7 11 14 19 21 
624 7 11 14 19 21 25 
625 8 10 13 15 20 
626 8 10 13 15 20 25 
627 9 10 14 17 22 
628 9 10 14 17 0 22 
629 9 10 14 17 0 1 22 
630 9 10 14 17 0 1 22 20 
631 10 12 13 17 21 
632 10 12 13 17 0 21 
633 10 12 13 17 0 1 21 
634 10 12 13 17 0 1 21 20 
635 12 14 16 17 20 
636 12 14 16 17 0 20 
637 12 14 16 17 0 1 20 
638 12 14 16 17 0 1 3 20 25 
639 12 14 16 17 0 1 3 6 20 22 25 
640 12 14 16 17 0 1 3 6 2 20 22 25 
641 12 14 16 17 0 1 3 6 2 5 20 22 21 25 
642 0 1 7 9 22 26 
643 0 1 7 9 22 20 26 
644 0 2 6 13 21 26 
645 0 2 6 13 1 21 26 
646 0 2 6 13 1 4 21 20 25 26 
647 0 3 7 9 20 26 
648 0 3 7 9 1 20 22 26 
649 0 4 9 10 22 26 
650 0 4 9 10 6 22 26 
651 0 4 9 10 6 12 22 26 
652 0 5 13 17 21 26 
653 0 5 13 17 1 21 26 
654 0 5 13 17 1 21 20 26 
655 0 7 11 14 20 26 
656 0 7 11 14 1 20 26 
657 0 9 15 19 22 26 
658 0 9 15 19 1 22 26 
659 0 9 15 19 1 22 20 26 
660 1 2 3 5 21 26 
661 1 2 3 5 4 21 20 22 26 
662 1 2 3 5 4 21 20 22 25 26 
663 1 2 15 19 20 26 
664 1 2 15 19 0 20 21 26 
665 1 4 5 6 22 26 
666 1 4 5 6 22 20 26 
667 1 5 7 18 21 26 
668 1 5 7 18 0 21 20 26 
669 1 5 7 18 0 21 20 25 26 
670 1 6 13 17 20 26 
671 1 6 13 17 0 20 26 
672 1 6 13 17 0 14 20 25 26 
673 1 8 14 18 22 26 
674 1 8 14 18 0 22 20 26 
675 1 8 14 18 0 22 20 25 26 
676 1 12 14 16 21 26 
677 1 12 14 16 0 21 20 26 
678 1 12 14 16 0 21 20 25 26 
679 2 3 10 15 20 26 
680 2 3 10 15 6 20 21 22 26 
681 2 3 10 15 6 9 20 21 22 25 26 
682 2 3 10 15 6 9 12 20 21 22 25 26 
683 2 3 10 15 6 9 12 16 20 21 22 25 26 
684 2 3 10 15 6 9 12 16 7 20 21 22 25 26 
685 2 4 13 16 22 26 
686 2 4 13 16 1 22 21 26 
687 2 4 13 16 1 22 21 20 26 
688 2 6 8 15 21 26 
689 2 6 8 15 3 21 26 
690 2 6 8 15 3 9 21 22 25 26 
691 2 8 9 12 20 26 
692 2 8 9 12 6 20 21 26 
693 2 8 9 12 6 3 20 21 26 
694 2 8 9 12 6 3 11 20 21 22 25 26 
695 2 8 9 12 6 3 11 14 20 21 22 25 26 
696 2 10 15 19 22 26 
697 2 10 15 19 6 22 21 26 
698 2 10 15 19 6 3 22 21 26 
699 2 10 15 19 6 3 22 21 25 26 
700 3 4 7 18 21 26 
701 3 4 7 18 1 21 22 26 
702 3 4 7 18 1 21 22 20 26 
703 3 5 11 17 20 26 
704 3 5 11 17 0 20 22 26 
705 3 5 11 17 0 1 20 22 26 
706 3 5 11 17 0 1 20 22 25 26 
707 3 7 9 17 22 26 
708 3 7 9 17 6 22 26 
709 3 7 9 17 6 2 22 26 
710 3 7 9 17 6 2 22 21 26 
711 3 9 13 15 21 26 
712 3 9 13 15 6 21 22 26 
713 3 9 13 15 6 2 21 22 25 26 
714 3 9 13 15 6 2 18 21 22 25 26 
715 3 14 17 19 20 26 
716 3 14 17 19 0 20 22 25 26 
717 3 14 17 19 0 1 20 22 25 26 
718 4 6 9 11 22 26 
719 4 6 9 11 0 22 26 
720 4 6 9 11 0 15 22 25 26 
721 4 6 9 11 0 15 14 22 25 26 
722 4 8 9 18 21 26 
723 4 11 12 13 20 26 
724 4 11 12 13 0 20 26 
725 4 11 12 13 0 1 20 26 
726 4 11 12 13 0 1 20 25 26 
727 5 6 11 13 22 26 
728 5 6 11 13 0 22 26 
729 5 6 11 13 0 1 22 26 
730 5 6 11 13 0 1 22 20 26 
731 5 8 12 13 21 26 
732 5 11 15 17 20 26 
733 5 11 15 17 0 20 26 
734 5 11 15 17 0 1 20 26 
735 5 11 15 17 0 1 2 20 25 26 
736 5 11 15 17 0 1 2 20 21 25 26 
737 6 7 16 19 22 26 
738 6 10 14 18 21 26 
739 6 10 14 18 0 21 26 
740 6 10 14 18 0 1 21 26 
741 6 10 14 18 0 1 15 21 20 25 26 
742 7 8 12 18 20 26 
743 7 8 12 18 0 20 26 
744 7 8 12 18 0 1 20 26 
745 7 8 12 18 0 1 9 20 25 26 
746 7 8 12 18 0 1 9 14 20 25 26 
747 7 11 16 18 22 26 
748 8 10 14 16 21 26 
749 8 10 14 16 21 25 26 
750 9 10 16 17 20 26 
751 10 12 14 18 22 26 
752 10 12 14 18 22 25 26 
753 12 15 16 17 21 26 
754 0 1 3 14 22 23 
755 0 1 3 14 22 20 23 
756 0 1 6 15 20 25 
757 0 1 10 15 22 24 
758 0 1 10 15 22 20 24 
759 0 2 3 6 21 23 
760 0 2 3 6 9 21 22 23 25 
761 0 2 3 6 9 14 21 22 23 25 
762 0 2 3 6 9 14 10 21 22 23 25 
763 0 2 3 6 9 14 10 15 21 22 23 25 
764 0 2 5 19 22 25 
765 0 2 5 19 22 21 25 
766 0 2 9 16 21 24 
767 0 2 9 16 1 21 24 
768 0 2 9 16 1 21 20 24 
769 0 2 16 17 20 23 
770 0 2 16 17 1 20 21 23 
771 0 2 16 17 1 20 21 23 25 
772 0 3 6 14 21 25 
773 0 3 6 14 1 21 22 25 
774 0 3 6 14 1 21 22 20 25 
775 0 3 10 15 20 24 
776 0 3 10 15 20 22 24 25 
777 0 4 5 7 22 23 
778 0 4 5 7 1 22 23 
779 0 4 5 7 1 22 20 23 
780 0 4 8 14 20 25 
781 0 4 8 14 1 20 25 
782 0 4 8 14 1 19 20 25 
783 0 4 8 14 1 19 15 20 25 
784 0 4 13 16 22 24 
785 0 4 13 16 1 22 24 
786 0 4 13 16 1 22 20 24 
787 0 5 7 19 21 23 
788 0 5 7 19 1 21 23 
789 0 5 7 19 1 21 20 23 
790 0 5 12 16 22 25 
791 0 5 12 16 1 22 25 
792 0 5 12 16 1 22 20 25 
793 0 6 8 15 21 24 
794 0 6 8 15 1 21 24 
795 0 6 8 15 1 21 20 24 
796 0 6 13 18 20 23 
797 0 6 13 18 1 20 23 
798 0 6 13 18 1 11 20 23 25 
799 0 6 13 18 1 11 3 20 23 25 
800 0 6 13 18 1 11 3 17 20 22 23 25 
801 0 7 10 15 21 25 
802 0 8 9 12 20 24 
803 0 8 9 12 1 20 24 
804 0 8 9 12 1 17 20 24 25 
805 0 8 14 19 22 23 
806 0 8 14 19 1 22 23 25 
807 0 8 14 19 1 22 20 23 25 
808 0 9 14 17 20 25 
809 0 9 14 17 1 20 25 
810 0 9 14 17 1 6 20 25 
811 0 9 14 17 1 6 7 20 25 
812 0 10 15 19 22 24 
813 0 10 15 19 22 24 25 
814 0 12 14 17 21 23 
815 0 12 14 17 1 21 23 
816 0 12 14 17 1 5 21 20 23 25 
817 0 12 14 17 1 5 6 21 20 23 25 
818 0 12 14 17 1 5 6 4 21 20 23 25 
819 0 12 14 17 1 5 6 4 18 21 20 23 25 
820 0 12 14 17 1 5 6 4 18 2 21 20 23 25 
821 0 15 17 19 22 25 
822 0 15 17 19 1 22 25 
823 0 15 17 19 1 22 20 25 
824 1 2 5 12 21 24 
825 1 2 5 12 21 20 24 
826 1 2 8 19 20 23 
827 1 2 8 19 0 20 21 23 
828 1 2 8 19 0 20 21 23 25 
829 1 2 14 16 21 25 
830 1 2 14 16 21 20 25 
831 1 3 6 7 20 24 
832 1 3 6 7 0 20 22 24 
833 1 3 6 7 0 20 22 24 25 
834 1 3 9 16 22 23 
835 1 3 9 16 0 22 20 23 
836 1 3 16 17 20 25 
837 1 3 16 17 0 20 22 25 
838 1 4 7 17 22 24 
839 1 4 7 17 22 20 24 
840 1 4 12 15 21 23 
841 1 4 12 15 21 20 23 
842 1 5 7 11 22 25 
843 1 5 7 11 22 20 25 
844 1 5 11 16 21 24 
845 1 5 11 16 0 21 20 24 
846 1 5 11 16 0 21 20 24 25 
847 1 5 11 16 0 6 21 20 24 25 
848 1 5 11 16 0 6 12 21 20 24 25 
849 1 5 11 16 0 6 12 19 21 20 24 25 
850 1 6 7 19 20 23 
851 1 6 7 19 0 20 23 
852 1 6 7 19 0 15 20 23 25 
853 1 6 12 16 21 25 
854 1 6 12 16 0 21 20 25 
855 1 7 9 17 20 24 
856 1 7 9 17 0 20 24 
857 1 7 9 17 0 19 20 24 25 
858 1 7 9 17 0 19 14 20 24 25 
859 1 7 16 17 22 23 
860 1 7 16 17 0 22 20 23 
861 1 7 16 17 0 9 22 20 23 
862 1 7 16 17 0 9 22 20 23 25 
863 1 8 13 17 20 25 
864 1 8 13 17 0 20 25 
865 1 8 13 17 0 14 20 25 
866 1 9 13 14 22 24 
867 1 9 13 14 0 22 20 24 
868 1 9 13 14 0 15 22 20 24 25 
869 1 9 13 14 0 15 16 22 20 24 25 
870 1 10 14 16 21 23 
871 1 10 14 16 0 21 20 23 
872 1 10 14 16 0 21 20 23 25 
873 1 12 13 14 22 25 
874 1 12 13 14 22 20 25 
875 1 14 17 18 21 24 
876 1 14 17 18 0 21 20 24 
877 2 3 6 8 20 23 
878 2 3 6 8 20 21 22 23 
879 2 3 9 17 21 25 
880 2 3 9 17 6 21 22 25 
881 2 3 9 17 6 14 21 22 25 
882 2 3 16 18 20 24 
883 2 3 16 18 6 20 21 22 24 
884 2 3 16 18 6 10 20 21 22 24 25 
885 2 3 16 18 6 10 7 20 21 22 24 25 
886 2 3 16 18 6 10 7 5 20 21 22 24 25 
887 2 4 7 18 22 23 
888 2 4 7 18 3 22 21 23 
889 2 4 7 18 3 1 22 21 23 
890 2 4 7 18 3 1 22 21 20 23 
891 2 4 12 16 20 25 
892 2 4 12 16 3 20 21 25 
893 2 4 12 16 3 1 20 21 22 25 
894 2 5 7 12 22 24 
895 2 5 7 12 22 21 24 
896 2 5 11 17 21 23 
897 2 6 7 19 22 25 
898 2 6 7 19 3 22 21 25 
899 2 6 7 19 3 9 22 21 25 
900 2 6 7 19 3 9 16 22 21 25 
901 2 6 7 19 3 9 16 15 22 21 25 
902 2 6 7 19 3 9 16 15 8 22 21 25 
903 2 6 12 17 21 24 
904 2 6 12 17 3 21 24 
905 2 6 12 17 3 9 21 22 24 
906 2 7 9 18 20 23 
907 2 7 9 18 20 21 23 
908 2 7 16 18 21 25 
909 2 8 13 18 20 24 
910 2 8 13 18 0 20 21 24 
911 2 8 13 18 0 1 20 21 24 
912 2 8 13 18 0 1 14 20 21 24 25 
913 2 9 13 15 22 23 
914 2 9 13 15 6 22 21 23 
915 2 9 13 15 6 3 22 21 23 25 
916 2 9 13 15 6 3 18 22 21 23 25 
917 2 10 14 17 20 25 
918 2 10 14 17 0 20 21 25 
919 2 10 14 17 0 1 20 21 25 
920 2 10 14 17 0 1 18 20 21 25 
921 2 12 13 15 22 24 
922 2 12 13 15 1 22 21 24 
923 2 12 13 15 1 22 21 20 24 
924 2 14 17 19 21 23 
925 3 4 7 11 22 25 
926 3 4 7 11 2 22 25 
927 3 4 7 11 2 1 22 21 25 
928 3 4 7 11 2 1 22 21 20 25 
929 3 4 11 16 21 24 
930 3 4 11 16 1 21 22 24 
931 3 4 11 16 1 21 22 20 24 
932 3 5 6 18 20 23 
933 3 5 6 18 9 20 22 23 
934 3 5 6 18 9 20 22 23 25 
935 3 5 10 18 21 25 
936 3 5 10 18 21 22 25 
937 3 6 7 13 20 24 
938 3 6 7 13 0 20 22 24 
939 3 6 7 13 0 1 20 22 24 
940 3 6 7 13 0 1 2 20 22 24 25 
941 3 6 7 13 0 1 2 20 22 21 24 25 
942 3 6 11 17 22 23 
943 3 6 11 17 2 22 23 
944 3 6 11 17 2 22 21 23 
945 3 7 9 11 20 25 
946 3 7 9 11 0 20 22 25 
947 3 7 9 11 0 1 20 22 25 
948 3 7 9 11 0 1 14 20 22 25 
949 3 7 14 18 22 24 
950 3 7 14 18 22 24 25 
951 3 8 12 17 21 23 
952 3 8 12 17 0 21 22 23 
953 3 8 12 17 0 1 21 22 23 
954 3 8 12 17 0 1 21 22 20 23 
955 3 9 12 14 22 25 
956 3 9 12 14 6 22 25 
957 3 9 12 14 6 2 22 25 
958 3 9 12 14 6 2 22 21 25 
959 3 10 13 15 21 24 
960 3 10 13 15 21 22 24 25 
961 3 11 16 18 20 23 
962 3 11 16 18 0 20 22 23 
963 3 11 16 18 0 1 20 22 23 
964 3 11 16 18 0 1 6 20 22 23 25 
965 3 14 15 17 21 25 
966 3 14 15 17 21 22 25 
967 4 5 7 19 20 24 
968 4 5 7 19 0 20 24 
969 4 5 7 19 0 1 20 24 
970 4 5 7 19 0 1 6 20 24 25 
971 4 5 7 19 0 1 6 2 20 24 25 
972 4 5 7 19 0 1 6 2 20 21 24 25 
973 4 5 12 16 22 23 
974 4 5 12 16 0 22 23 
975 4 5 12 16 0 1 22 23 
976 4 5 12 16 0 1 22 20 23 
977 4 6 8 15 20 25 
978 4 6 8 15 0 20 25 
979 4 6 8 15 0 1 20 25 
980 4 6 8 15 0 1 14 20 25 
981 4 6 13 17 22 24 
982 4 6 13 17 0 22 24 
983 4 6 13 17 0 9 22 24 25 
984 4 7 10 15 21 23 
985 4 7 10 15 21 23 25 
986 4 8 9 11 22 25 
987 4 8 14 19 21 24 
988 4 8 14 19 1 21 24 25 
989 4 8 14 19 1 21 20 24 25 
990 4 9 14 17 20 23 
991 4 9 14 17 0 20 23 
992 4 9 14 17 0 1 20 23 25 
993 4 10 15 19 21 25 
994 4 12 14 17 20 24 
995 4 12 14 17 0 20 24 
996 4 12 14 17 0 1 20 24 25 
997 4 15 17 19 22 23 
998 5 6 10 15 20 25 
999 5 7 8 10 22 24 
1000 5 7 12 19 21 23 
1001 5 7 12 19 0 21 23 
1002 5 7 12 19 0 1 21 23 
1003 5 7 12 19 0 1 21 20 23 
1004 5 8 11 13 22 25 
1005 5 9 10 19 21 24 
1006 5 9 10 19 21 24 25 
1007 5 10 11 18 20 23 
1008 5 10 11 18 0 20 23 
1009 5 10 11 18 0 1 20 23 
1010 5 10 11 18 0 1 2 20 23 25 
1011 5 10 11 18 0 1 2 20 21 23 25 
1012 5 11 13 19 21 25 
1013 5 11 13 19 0 21 25 
1014 5 11 13 19 0 1 21 25 
1015 5 11 13 19 0 1 21 20 25 
1016 5 13 15 17 20 24 
1017 5 13 15 17 0 20 24 
1018 5 13 15 17 0 1 20 24 
1019 5 13 15 17 0 1 20 24 25 
1020 6 7 9 12 22 23 
1021 6 7 9 12 0 22 23 
1022 6 7 9 12 0 1 22 23 
1023 6 7 9 12 0 1 22 20 23 
1024 6 7 15 16 20 25 
1025 6 7 15 16 0 20 25 
1026 6 7 15 16 0 1 20 25 
1027 6 7 15 16 0 1 14 20 25 
1028 6 8 12 18 22 24 
1029 6 8 12 18 0 22 24 
1030 6 8 12 18 0 1 22 24 
1031 6 8 12 18 0 1 22 20 24 
1032 6 9 12 16 21 23 
1033 6 9 12 16 0 21 23 
1034 6 9 12 16 0 1 21 23 
1035 6 9 12 16 0 1 21 20 23 
1036 6 10 13 16 22 25 
1037 6 10 13 16 0 22 25 
1038 6 10 13 16 0 1 22 25 
1039 6 10 13 16 0 1 22 20 25 
1040 6 11 16 19 21 24 
1041 6 11 16 19 0 21 24 
1042 6 11 16 19 0 1 21 24 
1043 6 11 16 19 0 1 21 20 24 
1044 6 14 15 19 20 23 
1045 6 14 15 19 0 20 23 
1046 6 14 15 19 0 1 20 23 
1047 7 8 11 18 21 25 
1048 7 8 11 18 0 21 25 
1049 7 8 11 18 0 1 21 25 
1050 7 8 11 18 0 1 21 20 25 
1051 7 9 11 16 20 24 
1052 7 9 11 16 0 20 24 
1053 7 9 11 16 0 1 20 24 
1054 7 9 11 16 0 1 6 20 24 25 
1055 7 10 12 15 22 23 
1056 7 10 12 15 22 23 25 
1057 7 11 14 19 20 25 
1058 7 13 16 18 22 24 
1059 8 9 12 14 21 23 
1060 8 9 12 14 21 23 25 
1061 8 10 13 14 22 25 
1062 8 10 13 14 0 22 25 
1063 8 10 13 14 0 1 22 25 
1064 8 10 13 14 0 1 22 20 25 
1065 8 11 16 17 21 24 
1066 8 14 15 17 20 23 
1067 8 14 15 17 0 20 23 25 
1068 8 14 15 17 0 1 20 23 25 
1069 8 14 15 17 0 1 6 20 23 25 
1070 9 10 14 17 21 25 
1071 9 12 13 16 20 24 
1072 9 12 13 16 0 20 24 
1073 9 12 13 16 0 1 20 24 
1074 9 14 17 19 22 23 
1075 9 14 17 19 12 22 23 
1076 10 12 13 17 20 25 
1077 10 12 13 17 0 20 25 
1078 10 12 13 17 0 1 20 25 
1079 10 12 13 17 0 1 7 20 25 
1080 10 14 18 19 22 24 
1081 11 13 16 19 21 23 
1082 11 13 16 19 0 21 23 
1083 11 13 16 19 0 1 21 23 
1084 11 13 16 19 0 1 21 20 23 
1085 12 14 15 19 22 25 
1086 14 16 17 18 21 24 
1087 0 1 4 6 20 23 26 
1088 0 1 7 9 21 25 26 
1089 0 1 7 9 21 20 25 26 
1090 0 1 11 14 20 24 26 
1091 0 1 11 14 6 20 24 25 26 
1092 0 2 3 12 22 23 26 
1093 0 2 3 12 1 22 21 23 26 
1094 0 2 3 12 1 22 21 20 23 26 
1095 0 2 6 13 20 25 26 
1096 0 2 6 13 1 20 21 25 26 
1097 0 2 6 13 1 4 20 21 25 26 
1098 0 2 10 13 22 24 26 
1099 0 2 10 13 1 22 21 24 26 
1100 0 2 10 13 1 22 21 20 24 26 
1101 0 3 4 5 21 23 26 
1102 0 3 4 5 1 21 22 23 26 
1103 0 3 4 5 1 21 22 20 23 26 
1104 0 3 7 8 22 25 26 
1105 0 3 7 8 1 22 25 26 
1106 0 3 7 8 1 22 20 25 26 
1107 0 3 11 13 21 24 26 
1108 0 3 11 13 1 21 22 24 26 
1109 0 3 11 13 1 21 22 20 24 26 
1110 0 4 5 14 20 23 26 
1111 0 4 5 14 1 20 23 26 
1112 0 4 5 14 1 6 20 23 26 
1113 0 4 5 14 1 6 17 20 23 25 26 
1114 0 4 5 14 1 6 17 2 20 23 25 26 
1115 0 4 5 14 1 6 17 2 20 21 23 25 26 
1116 0 4 9 10 21 25 26 
1117 0 4 9 10 6 21 25 26 
1118 0 4 9 10 6 5 21 25 26 
1119 0 4 9 10 6 5 3 21 25 26 
1120 0 4 9 10 6 5 3 21 22 25 26 
1121 0 4 14 18 20 24 26 
1122 0 4 14 18 1 20 24 26 
1123 0 4 14 18 1 6 20 24 25 26 
1124 0 5 8 14 22 23 26 
1125 0 5 8 14 1 22 23 26 
1126 0 5 8 14 1 22 20 23 26 
1127 0 5 13 17 20 25 26 
1128 0 5 13 17 1 20 25 26 
1129 0 5 13 17 1 14 20 25 26 
1130 0 6 9 11 22 24 26 
1131 0 6 9 11 1 22 24 26 
1132 0 6 9 11 1 22 20 24 26 
1133 0 6 14 19 21 23 26 
1134 0 6 14 19 1 21 23 26 
1135 0 6 14 19 1 21 20 23 26 
1136 0 7 11 13 22 25 26 
1137 0 7 11 13 1 22 25 26 
1138 0 7 11 13 1 22 20 25 26 
1139 0 8 9 18 21 24 26 
1140 0 8 9 18 1 21 24 26 
1141 0 8 9 18 1 21 20 24 25 26 
1142 0 8 16 19 20 23 26 
1143 0 8 16 19 1 20 23 26 
1144 0 8 16 19 1 10 20 23 25 26 
1145 0 9 15 19 21 25 26 
1146 0 9 15 19 1 21 25 26 
1147 0 9 15 19 1 21 20 25 26 
1148 0 11 12 13 20 24 26 
1149 0 11 12 13 1 20 24 26 
1150 0 11 12 13 1 6 20 24 25 26 
1151 0 12 15 19 22 23 26 
1152 0 12 15 19 1 22 23 26 
1153 0 12 15 19 1 22 20 23 26 
1154 1 2 3 5 20 25 26 
1155 1 2 3 5 20 21 22 25 26 
1156 1 2 5 18 22 24 26 
1157 1 2 5 18 22 20 21 24 26 
1158 1 2 9 15 21 23 26 
1159 1 2 9 15 21 20 23 26 
1160 1 2 15 18 22 25 26 
1161 1 2 15 18 22 20 21 25 26 
1162 1 3 6 13 21 24 26 
1163 1 3 6 13 0 21 20 22 24 26 
1164 1 3 10 14 20 23 26 
1165 1 3 10 14 0 20 22 23 26 
1166 1 4 5 6 21 25 26 
1167 1 4 5 6 21 20 25 26 
1168 1 4 8 13 20 24 26 
1169 1 4 8 13 0 20 24 26 
1170 1 4 8 13 0 6 20 24 26 
1171 1 4 8 13 0 6 17 20 24 25 26 
1172 1 4 8 13 0 6 17 19 20 24 25 26 
1173 1 4 8 13 0 6 17 19 2 20 24 25 26 
1174 1 4 8 13 0 6 17 19 2 20 21 24 25 26 
1175 1 4 13 15 22 23 26 
1176 1 4 13 15 0 22 20 23 26 
1177 1 5 7 18 20 25 26 
1178 1 5 7 18 0 20 25 26 
1179 1 5 7 18 0 2 20 25 26 
1180 1 5 7 18 0 2 20 21 25 26 
1181 1 5 12 15 22 24 26 
1182 1 5 12 15 0 22 20 24 26 
1183 1 5 12 15 0 6 22 20 24 25 26 
1184 1 5 12 15 0 6 18 22 20 24 25 26 
1185 1 5 12 15 0 6 18 4 22 20 24 25 26 
1186 1 5 12 15 0 6 18 4 3 22 20 24 25 26 
1187 1 5 12 15 0 6 18 4 3 14 22 20 24 25 26 
1188 1 6 8 14 21 23 26 
1189 1 6 8 14 0 21 20 23 26 
1190 1 6 8 14 0 9 21 20 23 25 26 
1191 1 6 8 14 0 9 16 21 20 23 25 26 
1192 1 6 8 14 0 9 16 5 21 20 23 25 26 
1193 1 6 8 14 0 9 16 5 17 21 20 23 25 26 
1194 1 6 8 14 0 9 16 5 17 2 21 20 23 25 26 
1195 1 6 13 16 22 25 26 
1196 1 6 13 16 0 22 20 25 26 
1197 1 7 10 14 21 24 26 
1198 1 7 10 14 0 21 20 24 26 
1199 1 7 10 14 0 21 20 24 25 26 
1200 1 8 9 11 20 23 26 
1201 1 8 9 11 0 20 23 26 
1202 1 8 9 11 0 6 20 23 25 26 
1203 1 8 14 18 21 25 26 
1204 1 8 14 18 0 21 20 25 26 
1205 1 9 14 16 20 24 26 
1206 1 9 14 16 0 20 24 26 
1207 1 9 14 16 0 6 20 24 25 26 
1208 1 10 15 18 22 23 26 
1209 1 10 15 18 0 22 20 23 26 
1210 1 10 15 18 0 6 22 20 23 25 26 
1211 1 10 15 18 0 6 16 22 20 23 25 26 
1212 1 10 15 18 0 6 16 9 22 20 23 25 26 
1213 1 10 15 18 0 6 16 9 7 22 20 23 25 26 
1214 1 10 15 18 0 6 16 9 7 2 22 20 23 25 26 
1215 1 10 15 18 0 6 16 9 7 2 22 20 21 23 25 26 
1216 1 12 14 16 20 25 26 
1217 1 12 14 16 0 20 25 26 
1218 1 15 17 18 22 24 26 
1219 1 15 17 18 0 22 20 24 26 
1220 2 3 6 14 21 23 26 
1221 2 3 6 14 9 21 22 23 25 26 
1222 2 3 6 14 9 10 21 22 23 25 26 
1223 2 3 6 14 9 10 15 21 22 23 25 26 
1224 2 3 6 14 9 10 15 12 21 22 23 25 26 
1225 2 3 6 14 9 10 15 12 16 21 22 23 25 26 
1226 2 3 10 14 22 25 26 
1227 2 3 10 14 6 22 21 25 26 
1228 2 3 10 14 6 9 22 21 25 26 
1229 2 3 10 14 6 9 15 22 21 25 26 
1230 2 3 10 14 6 9 15 12 22 21 25 26 
1231 2 3 10 14 6 9 15 12 16 22 21 25 26 
1232 2 4 5 7 21 24 26 
1233 2 4 8 14 20 23 26 
1234 2 4 8 14 3 20 21 23 26 
1235 2 4 8 14 3 1 20 21 22 23 26 
1236 2 4 13 16 21 25 26 
1237 2 4 13 16 1 21 25 26 
1238 2 4 13 16 1 21 20 25 26 
1239 2 5 7 19 20 24 26 
1240 2 5 7 19 20 21 24 26 
1241 2 5 12 16 22 23 26 
1242 2 5 12 16 22 21 23 26 
1243 2 6 8 15 20 25 26 
1244 2 6 8 15 3 20 21 25 26 
1245 2 6 8 15 3 9 20 21 22 25 26 
1246 2 6 13 17 22 24 26 
1247 2 6 13 17 3 22 21 24 26 
1248 2 6 13 17 3 9 22 21 24 25 26 
1249 2 7 10 15 21 23 26 
1250 2 8 9 11 22 25 26 
1251 2 8 9 11 6 22 21 25 26 
1252 2 8 9 11 6 3 22 21 25 26 
1253 2 8 9 11 6 3 12 22 21 25 26 
1254 2 8 9 11 6 3 12 14 22 21 25 26 
1255 2 8 14 19 21 24 26 
1256 2 8 14 19 1 21 24 25 26 
1257 2 8 14 19 1 21 20 24 25 26 
1258 2 9 14 17 20 23 26 
1259 2 9 14 17 6 20 21 23 25 26 
1260 2 9 14 17 6 3 20 21 23 25 26 
1261 2 9 14 17 6 3 20 21 22 23 25 26 
1262 2 10 15 19 21 25 26 
1263 2 10 15 19 6 21 25 26 
1264 2 10 15 19 6 3 21 25 26 
1265 2 10 15 19 6 3 21 22 25 26 
1266 2 12 14 17 20 24 26 
1267 2 12 14 17 0 20 21 24 26 
1268 2 12 14 17 0 1 20 21 24 26 
1269 2 12 14 17 0 1 6 20 21 24 26 
1270 2 12 14 17 0 1 6 5 20 21 24 25 26 
1271 2 15 17 19 22 23 26 
1272 2 15 17 19 6 22 21 23 26 
1273 2 15 17 19 6 3 22 21 23 26 
1274 2 15 17 19 6 3 5 22 21 23 26 
1275 3 4 7 18 20 25 26 
1276 3 4 7 18 2 20 22 25 26 
1277 3 4 7 18 2 20 22 21 25 26 
1278 3 4 12 15 22 24 26 
1279 3 4 12 15 1 22 24 26 
1280 3 4 12 15 1 22 20 24 26 
1281 3 5 7 12 21 23 26 
1282 3 5 7 12 21 22 23 26 
1283 3 5 11 16 22 25 26 
1284 3 6 7 19 21 24 26 
1285 3 6 7 19 2 21 22 24 26 
1286 3 6 7 19 2 9 21 22 24 25 26 
1287 3 6 7 19 2 9 16 21 22 24 25 26 
1288 3 6 7 19 2 9 16 15 21 22 24 25 26 
1289 3 6 7 19 2 9 16 15 8 21 22 24 25 26 
1290 3 6 12 17 20 23 26 
1291 3 6 12 17 2 20 22 23 26 
1292 3 6 12 17 2 20 22 21 23 26 
1293 3 7 9 17 21 25 26 
1294 3 7 9 17 6 21 22 25 26 
1295 3 7 9 17 6 2 21 22 25 26 
1296 3 7 9 17 6 2 14 21 22 25 26 
1297 3 7 9 17 6 2 14 12 21 22 25 26 
1298 3 7 9 17 6 2 14 12 15 21 22 25 26 
1299 3 7 9 17 6 2 14 12 15 18 21 22 25 26 
1300 3 7 16 18 20 24 26 
1301 3 7 16 18 0 20 22 24 26 
1302 3 7 16 18 0 1 20 22 24 26 
1303 3 7 16 18 0 1 20 22 24 25 26 
1304 3 8 13 17 22 23 26 
1305 3 9 13 15 20 25 26 
1306 3 9 13 15 0 20 22 25 26 
1307 3 9 13 15 0 1 20 22 25 26 
1308 3 10 14 16 22 24 26 
1309 3 12 13 15 21 23 26 
1310 3 12 13 15 21 22 23 26 
1311 3 14 17 18 22 25 26 
1312 4 5 8 14 21 24 26 
1313 4 5 13 17 20 23 26 
1314 4 5 13 17 0 20 23 26 
1315 4 5 13 17 0 1 20 23 26 
1316 4 5 13 17 0 1 2 20 23 25 26 
1317 4 5 13 17 0 1 2 20 21 23 25 26 
1318 4 6 9 11 21 25 26 
1319 4 6 9 11 0 21 25 26 
1320 4 6 9 11 0 5 21 25 26 
1321 4 6 14 19 20 24 26 
1322 4 6 14 19 0 20 24 26 
1323 4 6 14 19 0 1 20 24 25 26 
1324 4 6 14 19 0 1 17 20 24 25 26 
1325 4 7 11 13 22 23 26 
1326 4 8 9 18 20 25 26 
1327 4 8 9 18 0 20 25 26 
1328 4 8 9 18 0 1 20 25 26 
1329 4 8 9 18 0 1 15 20 25 26 
1330 4 8 9 18 0 1 15 16 20 25 26 
1331 4 8 16 18 22 24 26 
1332 4 9 15 19 21 23 26 
1333 4 10 18 19 22 25 26 
1334 4 12 15 19 21 24 26 
1335 5 6 7 9 20 23 26 
1336 5 6 7 9 0 20 23 26 
1337 5 6 7 9 0 1 20 23 26 
1338 5 6 11 13 21 25 26 
1339 5 6 11 13 0 21 25 26 
1340 5 6 11 13 0 1 21 25 26 
1341 5 6 11 13 0 1 21 20 25 26 
1342 5 7 8 17 20 24 26 
1343 5 7 8 17 0 20 24 26 
1344 5 7 8 17 0 1 20 24 26 
1345 5 7 8 17 0 1 14 20 24 25 26 
1346 5 7 8 17 0 1 14 9 20 24 25 26 
1347 5 7 8 17 0 1 14 9 2 20 24 25 26 
1348 5 7 8 17 0 1 14 9 2 20 21 24 25 26 
1349 5 7 13 19 22 23 26 
1350 5 8 12 13 20 25 26 
1351 5 8 12 13 0 20 25 26 
1352 5 8 12 13 0 1 20 25 26 
1353 5 8 12 13 0 1 2 20 25 26 
1354 5 8 12 13 0 1 2 20 21 25 26 
1355 5 9 11 17 22 24 26 
1356 5 10 12 17 21 23 26 
1357 5 11 15 16 22 25 26 
1358 5 13 17 18 21 24 26 
1359 6 7 9 19 20 23 26 
1360 6 7 9 19 0 20 23 26 
1361 6 7 9 19 0 1 20 23 26 
1362 6 7 9 19 0 1 14 20 23 26 
1363 6 7 9 19 0 1 14 20 23 25 26 
1364 6 7 16 19 21 25 26 
1365 6 8 13 19 20 24 26 
1366 6 8 13 19 0 20 24 26 
1367 6 8 13 19 0 1 20 24 26 
1368 6 9 13 16 22 23 26 
1369 6 9 13 16 0 22 23 26 
1370 6 9 13 16 0 1 22 23 26 
1371 6 9 13 16 0 1 22 20 23 26 
1372 6 10 14 18 20 25 26 
1373 6 10 14 18 0 20 25 26 
1374 6 10 14 18 0 1 20 25 26 
1375 6 10 14 18 0 1 2 20 25 26 
1376 6 10 14 18 0 1 2 20 21 25 26 
1377 6 12 13 16 22 24 26 
1378 6 12 13 16 0 22 24 26 
1379 6 12 13 16 0 1 22 24 26 
1380 6 12 13 16 0 1 15 22 20 24 25 26 
1381 6 14 18 19 21 23 26 
1382 6 14 18 19 0 21 23 26 
1383 6 14 18 19 0 1 21 23 26 
1384 6 14 18 19 0 1 21 20 23 26 
1385 7 8 12 17 22 25 26 
1386 7 8 12 17 9 22 25 26 
1387 7 9 12 15 21 24 26 
1388 7 9 12 15 6 21 24 26 
1389 7 9 12 15 6 0 21 24 26 
1390 7 9 12 15 6 0 1 21 24 26 
1391 7 9 12 15 6 0 1 21 20 24 26 
1392 7 10 13 16 20 23 26 
1393 7 10 13 16 0 20 23 26 
1394 7 10 13 16 0 1 20 23 26 
1395 7 10 13 16 0 1 15 20 23 25 26 
1396 7 11 16 18 21 25 26 
1397 7 14 15 18 20 24 26 
1398 7 14 15 18 0 20 24 26 
1399 7 14 15 18 0 1 20 24 26 
1400 7 14 15 18 0 1 5 20 24 25 26 
1401 8 9 13 14 22 23 26 
1402 8 9 13 14 16 22 23 25 26 
1403 8 10 14 16 20 25 26 
1404 8 12 13 14 22 24 26 
1405 8 14 17 18 21 23 26 
1406 8 14 17 18 21 23 25 26 
1407 9 10 15 19 22 25 26 
1408 9 12 14 17 21 24 26 
1409 9 12 14 17 6 21 24 26 
1410 9 12 14 17 6 0 21 24 25 26 
1411 9 12 14 17 6 0 1 21 24 25 26 
1412 9 12 14 17 6 0 1 21 20 24 25 26 
1413 9 15 18 19 20 23 26 
1414 10 12 14 18 21 25 26 
1415 10 16 17 18 20 24 26 
1416 10 16 17 18 0 20 24 26 
1417 10 16 17 18 0 1 20 24 26 
1418 11 14 15 18 22 23 26 
1419 12 15 16 17 20 25 26 
1420 12 15 16 17 0 20 25 26 
1421 12 15 16 17 0 1 20 25 26 
1422 15 16 18 19 22 24 26 
