0 13 35 72 85 89 
1 22 49 76 79 83 92 99 
2 22 49 76 79 83 92 93 97 98 99 
3 39 41 71 74 80 96 99 
4 39 41 71 74 80 96 92 93 99 
5 27 58 63 92 99 
6 14 40 43 85 89 99 
7 14 40 43 0 85 89 91 92 97 99 
8 14 40 43 0 15 85 89 91 92 97 99 
9 14 40 43 0 15 85 83 89 91 92 97 99 
10 20 52 66 86 
11 20 52 66 86 97 
12 53 69 71 86 92 
13 29 54 70 79 84 97 99 
14 17 22 52 85 94 
15 17 22 52 14 85 94 
16 17 22 52 14 16 85 94 
17 17 22 52 14 16 85 84 94 
18 10 35 40 69 80 87 
19 10 35 40 69 7 80 86 87 91 92 93 97 
20 10 35 40 69 7 17 80 86 87 91 92 93 97 
21 10 35 40 69 7 17 14 80 86 87 91 92 93 97 90 
22 10 35 40 69 7 17 14 26 80 86 87 91 92 93 97 90 98 
23 10 35 40 69 7 17 14 26 80 86 85 87 91 92 93 97 90 98 
24 5 34 67 81 87 99 
25 5 34 67 81 80 87 99 
26 26 54 72 88 
27 26 54 72 14 85 88 98 
28 26 54 72 14 0 85 88 98 
29 26 54 72 14 0 15 85 88 98 
30 26 54 72 14 0 15 85 83 88 98 
31 39 47 55 71 80 89 99 
32 39 47 55 71 80 89 91 92 93 99 
33 15 38 41 60 92 99 
34 15 38 41 60 16 83 92 93 99 
35 15 38 41 60 16 14 83 84 92 93 99 
36 15 38 41 60 16 14 0 83 84 92 93 99 
37 15 38 41 60 16 14 0 5 83 84 92 93 90 91 94 95 96 98 99 
38 15 38 41 60 16 14 0 5 7 83 84 80 92 93 90 91 94 95 96 98 99 
39 15 38 41 60 16 14 0 5 7 2 83 84 80 92 93 90 91 94 95 96 98 87 97 99 
40 15 38 41 60 16 14 0 5 7 2 21 83 84 80 92 93 90 91 94 95 96 98 87 97 99 
41 15 38 41 60 16 14 0 5 7 2 21 83 84 80 82 92 93 90 91 94 95 96 98 87 97 99 
42 9 16 32 74 83 88 99 
43 9 16 32 74 14 83 84 88 99 
44 9 16 32 74 14 0 83 84 88 99 
45 9 16 32 74 14 0 15 83 84 88 99 
46 10 17 64 85 98 99 
47 10 17 64 14 85 98 99 
48 10 17 64 14 15 85 98 93 96 99 
49 10 17 64 14 15 16 85 83 98 93 96 99 
50 10 17 64 14 15 16 85 83 84 98 93 96 99 
51 27 36 50 79 83 96 
52 27 36 50 79 83 96 97 
53 10 35 40 69 86 98 
54 10 35 40 69 7 86 98 91 92 93 97 
55 10 35 40 69 7 21 86 98 91 92 93 97 
56 10 35 40 69 7 21 6 86 82 98 91 92 93 97 
57 10 35 40 69 7 21 6 86 82 81 98 91 92 93 97 
58 8 50 61 81 91 99 
59 27 62 69 73 82 89 99 
60 27 62 69 73 82 86 89 99 
61 17 19 57 83 97 99 
62 17 21 43 46 80 92 99 
63 17 21 43 46 80 82 92 93 99 
64 11 40 43 86 90 
65 11 40 43 7 86 90 91 92 97 
66 11 40 43 7 21 86 90 91 92 97 
67 11 40 43 7 21 6 86 82 90 91 92 97 
68 11 40 43 7 21 6 86 82 81 90 91 92 97 
69 0 22 49 55 86 99 
70 0 22 49 55 14 86 93 95 98 99 
71 0 22 49 55 14 24 86 93 95 98 99 
72 0 22 49 55 14 24 10 86 93 95 98 99 
73 0 22 49 55 14 24 10 32 86 93 95 98 91 99 
74 0 22 49 55 14 24 10 32 41 86 93 95 98 91 90 92 94 97 99 
75 41 44 65 85 96 
76 41 44 65 85 96 93 
77 11 40 52 84 87 99 
78 11 40 52 7 84 87 90 91 92 93 97 99 
79 11 40 52 7 17 84 87 90 91 92 93 97 99 
80 11 40 52 7 17 14 84 87 90 91 92 93 97 99 
81 11 40 52 7 17 14 15 84 87 90 91 92 93 97 99 
82 11 40 52 7 17 14 15 84 83 87 90 91 92 93 97 99 
83 25 34 40 59 84 88 99 
84 25 34 40 59 7 84 88 91 92 93 97 99 
85 25 34 40 59 7 17 84 88 91 92 93 97 90 99 
86 25 34 40 59 7 17 14 84 88 91 92 93 97 90 99 
87 25 34 40 59 7 17 14 16 84 88 91 92 93 97 90 94 98 99 
88 25 34 40 59 7 17 14 16 31 84 88 91 92 93 97 90 94 98 99 
89 25 34 40 59 7 17 14 16 31 48 84 88 91 92 93 97 90 94 98 95 96 99 
90 25 34 40 59 7 17 14 16 31 48 36 84 88 91 92 93 97 90 94 98 95 96 99 
91 25 34 40 59 7 17 14 16 31 48 36 33 84 88 91 92 93 97 90 94 98 95 96 99 
92 25 34 40 59 7 17 14 16 31 48 36 33 52 84 88 91 92 93 97 90 94 98 95 96 99 
93 25 34 40 59 7 17 14 16 31 48 36 33 52 24 84 88 91 92 93 97 90 94 98 95 96 99 
94 25 34 40 59 7 17 14 16 31 48 36 33 52 24 74 84 88 91 92 93 97 90 94 98 95 96 99 
95 25 34 40 59 7 17 14 16 31 48 36 33 52 24 74 50 84 88 91 92 93 97 90 94 98 95 96 99 
96 25 34 40 59 7 17 14 16 31 48 36 33 52 24 74 50 51 84 88 91 92 93 97 90 94 98 95 96 99 
97 25 34 40 59 7 17 14 16 31 48 36 33 52 24 74 50 51 39 84 88 91 92 93 97 90 94 98 95 96 99 
98 25 34 40 59 7 17 14 16 31 48 36 33 52 24 74 50 51 39 79 84 88 91 92 93 97 90 94 98 95 96 99 
99 25 34 40 59 7 17 14 16 31 48 36 33 52 24 74 50 51 39 79 78 84 88 91 92 93 97 90 94 98 95 96 99 
100 25 34 40 59 7 17 14 16 31 48 36 33 52 24 74 50 51 39 79 78 69 84 88 91 92 93 97 90 94 98 95 96 99 
101 25 34 40 59 7 17 14 16 31 48 36 33 52 24 74 50 51 39 79 78 69 9 84 86 88 91 92 93 97 90 94 98 95 96 99 
102 25 34 40 59 7 17 14 16 31 48 36 33 52 24 74 50 51 39 79 78 69 9 2 84 86 88 91 92 93 97 90 94 98 95 96 99 
103 25 34 40 59 7 17 14 16 31 48 36 33 52 24 74 50 51 39 79 78 69 9 2 20 84 86 88 91 92 93 97 90 94 98 95 96 87 99 
104 25 34 40 59 7 17 14 16 31 48 36 33 52 24 74 50 51 39 79 78 69 9 2 20 11 84 86 88 91 92 93 97 90 94 98 95 96 87 99 
105 25 34 40 59 7 17 14 16 31 48 36 33 52 24 74 50 51 39 79 78 69 9 2 20 11 58 84 86 88 91 92 93 97 90 94 98 95 96 87 99 
106 25 34 40 59 7 17 14 16 31 48 36 33 52 24 74 50 51 39 79 78 69 9 2 20 11 58 71 84 86 88 91 92 93 97 90 94 98 95 96 87 99 
107 20 48 68 69 80 92 
108 20 48 68 69 80 86 92 93 
109 22 33 53 57 97 
110 22 33 53 57 16 97 
111 22 33 53 57 16 84 97 
112 2 15 43 72 84 93 
113 2 15 43 72 14 84 83 93 
114 2 15 43 72 14 0 84 83 93 
115 2 15 43 72 14 0 16 84 83 93 
116 2 15 43 72 14 0 16 52 84 83 93 
117 10 21 44 54 83 98 
118 10 21 44 54 7 83 82 98 
119 10 21 44 54 7 6 83 82 98 
120 10 21 44 54 7 6 83 82 81 98 
121 1 9 34 61 86 87 
122 1 9 34 61 16 86 87 
123 1 9 34 61 16 86 84 87 
124 7 9 57 71 85 98 99 
125 7 9 57 71 21 85 98 99 
126 7 9 57 71 21 6 85 82 98 99 
127 7 9 57 71 21 6 85 82 81 98 99 
128 28 41 51 82 96 
129 28 41 51 82 96 93 
130 28 41 51 16 82 96 93 
131 28 41 51 16 82 84 96 93 
132 19 42 76 77 80 88 99 
133 19 42 76 77 80 88 93 99 
134 11 35 53 95 
135 56 60 77 85 95 
136 56 60 77 85 95 93 
137 43 54 77 82 98 99 
138 6 18 27 65 80 97 99 
139 6 18 27 65 80 81 97 99 
140 17 27 60 83 90 
141 17 27 60 16 83 90 
142 17 27 60 16 83 84 90 
143 14 47 55 82 99 
144 14 47 55 0 82 91 93 99 
145 14 47 55 0 16 82 91 93 99 
146 14 47 55 0 16 82 84 91 93 99 
147 67 73 75 78 86 92 99 
148 21 31 78 82 98 99 
149 14 20 28 46 82 95 
150 14 20 28 46 16 82 95 93 
151 14 20 28 46 16 82 84 95 93 
152 33 36 38 79 82 92 99 
153 33 36 38 79 82 92 91 93 97 99 
154 8 23 39 89 99 
155 8 23 39 89 92 99 
156 18 24 64 84 94 99 
157 18 24 64 84 94 96 99 
158 47 60 71 83 90 
159 47 60 71 83 90 91 93 
160 47 60 71 16 83 90 91 93 
161 47 60 71 16 14 83 84 90 91 93 
162 47 60 71 16 14 0 83 84 90 91 93 
163 47 60 71 16 14 0 15 83 84 90 91 93 
164 47 60 71 16 14 0 15 42 83 84 90 91 93 92 94 95 96 97 98 
165 47 60 71 16 14 0 15 42 32 83 84 90 91 93 92 94 95 96 97 98 
166 10 25 47 68 86 94 99 
167 10 25 47 68 86 94 93 99 
168 4 32 39 47 85 94 99 
169 4 32 39 47 85 94 91 92 93 99 
170 22 24 31 49 94 99 
171 22 24 31 49 94 93 98 99 
172 34 43 65 69 82 94 
173 34 43 65 69 82 86 94 91 97 
174 45 61 70 76 83 97 
175 45 61 70 76 83 97 93 
176 45 61 70 76 16 83 97 93 
177 45 61 70 76 16 83 84 97 93 
178 6 29 37 54 82 90 
179 6 29 37 54 82 81 90 
180 16 18 39 83 91 99 
181 16 18 39 14 83 84 91 92 99 
182 16 18 39 14 0 83 84 91 92 93 99 
183 16 18 39 14 0 15 83 84 91 92 93 99 
184 16 18 39 14 0 15 83 84 91 92 93 94 98 99 
185 0 38 57 80 98 
186 0 38 57 14 80 98 
187 0 38 57 14 15 80 98 91 93 
188 0 38 57 14 15 16 80 83 98 91 93 
189 0 38 57 14 15 16 80 83 84 98 91 93 
190 0 28 39 63 84 88 
191 0 28 39 63 14 84 88 90 91 92 93 
192 0 28 39 63 14 15 84 88 90 91 92 93 
193 0 28 39 63 14 15 84 83 88 90 91 92 93 
194 6 18 76 96 99 
195 6 18 76 21 81 96 99 
196 6 18 76 21 7 81 82 96 99 
197 6 18 76 21 7 14 81 82 96 99 
198 6 18 76 21 7 14 0 81 82 96 99 
199 6 18 76 21 7 14 0 26 81 82 96 99 
200 6 18 76 21 7 14 0 26 81 82 85 96 99 
201 8 30 43 61 86 96 99 
202 46 52 53 62 86 98 
203 46 52 53 62 86 98 91 93 
204 2 32 56 81 95 99 
205 2 32 56 21 81 95 99 
206 2 32 56 21 6 81 82 95 99 
207 2 32 56 21 6 79 81 82 95 90 91 92 93 97 98 99 
208 2 32 56 21 6 79 43 81 82 95 90 91 92 93 97 98 87 94 99 
209 2 32 56 21 6 79 43 7 81 82 95 90 91 92 93 97 98 87 94 99 
210 2 32 56 21 6 79 43 7 14 81 82 95 90 91 92 93 97 98 87 94 99 
211 2 32 56 21 6 79 43 7 14 0 81 82 95 90 91 92 93 97 98 87 94 99 
212 2 32 56 21 6 79 43 7 14 0 26 81 82 95 90 91 92 93 97 98 87 94 99 
213 2 32 56 21 6 79 43 7 14 0 26 81 82 85 95 90 91 92 93 97 98 87 94 99 
214 5 19 39 42 90 99 
215 5 19 39 42 80 90 92 93 99 
216 14 39 42 53 90 
217 14 39 42 53 0 90 92 93 
218 14 39 42 53 0 26 90 92 93 
219 14 39 42 53 0 26 85 90 92 93 
220 14 39 42 53 93 
221 14 39 42 53 0 93 92 
222 14 39 42 53 0 16 93 92 
223 14 39 42 53 0 16 84 93 92 
224 31 45 71 81 
225 31 45 71 81 93 
226 4 12 43 60 83 93 
227 19 35 43 58 83 90 
228 35 43 59 81 93 
229 35 43 59 16 81 93 
230 35 43 59 16 81 84 93 
231 20 44 77 85 91 
232 9 57 65 69 90 
233 9 57 65 69 16 86 90 93 
234 9 57 65 69 16 86 84 90 93 
235 10 49 62 80 92 
236 10 49 62 80 92 93 98 
237 15 21 23 78 84 
238 15 21 23 78 14 84 83 82 
239 15 21 23 78 14 0 84 83 82 
240 15 21 23 78 14 0 16 84 83 82 
241 4 11 56 66 80 87 99 
242 30 46 55 71 89 99 
243 30 46 55 71 89 93 99 
244 7 50 70 86 93 
245 7 50 70 21 86 93 
246 7 50 70 21 6 86 82 93 
247 7 50 70 21 6 86 82 81 93 
248 16 31 64 84 99 
249 16 31 64 15 84 99 
250 16 31 64 15 14 84 83 96 99 
251 16 31 64 15 14 0 84 83 96 99 
252 16 31 64 15 14 0 52 84 83 96 91 93 94 98 99 
253 16 31 64 15 14 0 52 33 84 83 96 91 93 94 98 99 
254 16 31 64 15 14 0 52 33 59 84 83 96 91 93 94 98 92 95 99 
255 16 31 64 15 14 0 52 33 59 48 84 83 96 91 93 94 98 92 95 99 
256 16 31 64 15 14 0 52 33 59 48 40 84 83 96 91 93 94 98 92 95 99 
257 16 31 64 15 14 0 52 33 59 48 40 68 84 83 96 91 93 94 98 92 95 97 99 
258 16 31 64 15 14 0 52 33 59 48 40 68 41 84 83 96 91 93 94 98 92 95 97 99 
259 16 31 64 15 14 0 52 33 59 48 40 68 41 38 84 83 96 91 93 94 98 92 95 97 99 
260 16 57 72 79 84 92 
261 16 57 72 79 14 84 92 97 
262 16 57 72 79 14 0 84 92 97 
263 16 57 72 79 14 0 15 84 92 97 
264 16 57 72 79 14 0 15 84 83 92 97 
265 7 40 43 61 84 89 99 
266 7 40 43 61 17 84 89 91 92 97 99 
267 7 40 43 61 17 14 84 89 91 92 97 90 99 
268 7 40 43 61 17 14 15 84 89 91 92 97 90 93 99 
269 7 40 43 61 17 14 15 84 83 89 91 92 97 90 93 99 
270 8 20 28 44 91 99 
271 0 15 42 57 83 89 99 
272 0 15 42 57 14 83 89 93 99 
273 0 15 42 57 14 26 83 89 93 99 
274 0 15 42 57 14 26 40 83 85 89 93 90 91 92 94 95 97 98 99 
275 25 30 32 33 83 88 
276 3 24 43 49 86 89 
277 3 24 43 49 86 89 93 98 
278 40 67 73 80 93 99 
279 40 67 73 7 80 93 91 92 99 
280 40 67 73 7 6 80 93 91 92 99 
281 40 67 73 7 6 21 80 81 93 91 92 99 
282 40 67 73 7 6 21 80 81 82 93 91 92 99 
283 19 24 45 84 89 
284 19 24 45 84 89 93 
285 15 73 76 80 90 99 
286 15 73 76 16 80 83 90 99 
287 15 73 76 16 14 80 83 84 90 99 
288 15 73 76 16 14 0 80 83 84 90 99 
289 15 73 76 16 14 0 17 80 83 84 90 99 
290 15 73 76 16 14 0 17 2 80 83 84 90 91 93 94 95 96 98 99 
291 15 73 76 16 14 0 17 2 44 80 83 84 90 91 93 94 95 96 98 87 92 97 99 
292 15 73 76 16 14 0 17 2 44 48 80 83 84 90 91 93 94 95 96 98 87 92 97 99 
293 18 66 67 82 88 
294 18 66 67 16 82 88 
295 18 66 67 16 82 84 88 
296 1 2 44 80 95 
297 1 2 44 16 80 95 
298 1 2 44 16 80 84 95 
299 19 33 79 85 95 99 
300 19 33 79 85 95 97 99 
301 28 53 71 84 
302 28 42 66 80 88 
303 28 42 66 80 88 93 
304 28 42 66 80 88 93 97 
305 28 42 66 16 80 88 93 97 
306 28 42 66 16 80 84 88 93 97 
307 16 73 76 85 93 
308 16 73 76 85 84 93 
309 53 63 72 86 91 99 
310 12 13 47 82 97 
311 12 13 47 82 97 93 
312 12 13 47 16 82 97 93 
313 12 13 47 16 82 84 97 93 
314 22 46 69 80 96 
315 22 46 69 16 80 86 96 93 
316 22 46 69 16 80 86 84 96 93 
317 48 54 62 70 85 97 99 
318 48 54 62 70 85 97 93 98 99 
319 11 67 72 80 
320 61 72 74 80 88 
321 15 35 49 83 98 99 
322 15 35 49 16 83 98 93 99 
323 15 35 49 16 14 83 84 98 93 91 99 
324 15 35 49 16 14 0 83 84 98 93 91 99 
325 15 35 49 16 14 0 36 83 84 98 93 91 90 92 94 95 96 99 
326 15 35 49 16 14 0 36 48 83 84 98 93 91 90 92 94 95 96 99 
327 15 35 49 16 14 0 36 48 54 83 84 98 93 91 90 92 94 95 96 87 99 
328 10 54 74 80 93 
329 10 54 74 16 80 93 
330 10 54 74 16 80 84 93 
331 39 53 74 81 98 99 
332 39 53 74 81 98 92 99 
333 24 72 77 82 91 
334 16 18 39 70 82 97 99 
335 16 18 39 70 15 82 84 97 91 92 93 99 
336 16 18 39 70 15 14 82 84 83 97 91 92 93 99 
337 16 18 39 70 15 14 0 82 84 83 97 91 92 93 99 
338 16 18 39 70 15 14 0 48 82 84 83 97 91 92 93 90 94 95 98 99 
339 55 61 72 76 86 92 
340 55 61 72 76 86 92 98 
341 1 4 5 71 85 97 
342 1 4 5 71 14 85 80 97 
343 1 4 5 71 14 15 85 80 97 
344 1 4 5 71 14 15 85 80 83 97 
345 21 30 77 86 89 
346 21 30 77 7 86 82 89 
347 21 30 77 7 6 86 82 89 
348 21 30 77 7 6 86 82 81 89 
349 21 23 38 53 82 94 
350 21 23 38 53 7 82 94 
351 21 23 38 53 7 6 82 94 
352 21 23 38 53 7 6 82 81 94 
353 24 42 69 86 93 
354 9 45 68 80 92 99 
355 9 45 68 80 92 93 99 
356 11 37 66 85 99 
357 10 21 44 54 80 93 
358 10 21 44 54 7 80 82 93 
359 10 21 44 54 7 6 80 82 93 
360 10 21 44 54 7 6 80 82 81 93 
361 16 39 45 85 94 
362 16 39 45 85 84 94 
363 6 22 23 29 81 87 
364 8 31 67 80 
365 2 53 54 73 80 92 99 
366 2 53 54 73 80 92 98 99 
367 20 36 72 85 97 
368 29 31 37 85 
369 29 31 37 85 87 90 91 92 93 94 95 96 97 98 
370 28 42 66 83 98 
371 28 42 66 83 98 93 
372 28 42 66 16 83 98 93 
373 28 42 66 16 83 84 98 93 
374 20 29 59 72 86 87 99 
375 10 32 51 98 
376 32 37 56 86 88 
377 32 37 56 86 88 91 93 
378 14 29 43 81 96 
379 14 29 43 16 81 96 
380 14 29 43 16 81 84 96 
381 5 6 19 29 82 87 
382 5 6 19 29 7 82 80 81 87 
383 5 6 19 29 7 21 82 80 81 87 91 92 93 97 
384 5 6 19 29 7 21 14 82 80 81 87 91 92 93 97 
385 5 6 19 29 7 21 14 0 82 80 81 87 91 92 93 97 
386 22 24 51 85 96 
387 27 52 56 70 86 94 
388 12 49 53 85 92 99 
389 12 49 53 85 92 93 98 99 
390 1 9 34 61 86 89 
391 1 9 34 61 14 86 89 
392 1 9 34 61 14 26 86 89 
393 1 9 34 61 14 26 86 85 89 
394 16 20 30 73 89 99 
395 16 20 30 73 15 84 89 99 
396 16 20 30 73 15 14 84 83 89 99 
397 16 20 30 73 15 14 0 84 83 89 99 
398 16 20 30 73 15 14 0 59 84 83 89 91 92 93 94 95 98 99 
399 16 20 30 73 15 14 0 59 36 84 83 89 91 92 93 94 95 98 96 97 99 
400 16 20 30 73 15 14 0 59 36 76 84 83 89 91 92 93 94 95 98 96 97 99 
401 0 49 50 67 82 88 
402 0 49 50 67 14 82 88 93 98 
403 0 49 50 67 14 15 82 88 93 98 
404 0 49 50 67 14 15 82 83 88 93 98 
405 32 46 77 84 
406 32 46 77 84 91 93 
407 9 19 45 64 84 88 
408 9 19 45 64 84 88 93 
409 40 51 79 87 
410 40 51 79 87 91 92 93 97 
411 26 36 46 79 86 97 99 
412 26 36 46 79 15 86 85 97 91 93 99 
413 26 36 46 79 15 14 86 85 83 97 91 93 99 
414 26 36 46 79 15 14 0 86 85 83 97 91 93 99 
415 26 36 46 79 15 14 0 32 86 85 83 97 91 93 92 94 95 98 99 
416 26 36 46 79 15 14 0 32 66 86 85 83 97 91 93 92 94 95 98 90 96 99 
417 26 36 46 79 15 14 0 32 66 86 85 83 97 91 93 92 94 95 98 90 96 87 99 
418 22 49 76 79 86 87 99 
419 22 49 76 79 86 87 93 97 98 99 
420 3 4 36 83 96 
421 16 57 72 79 83 94 
422 16 57 72 79 83 84 94 
423 5 25 52 94 
424 5 25 52 80 94 
425 15 69 73 76 85 92 
426 15 69 73 76 14 85 83 86 92 
427 15 69 73 76 14 0 85 83 86 92 
428 15 69 73 76 14 0 16 85 83 86 92 
429 15 69 73 76 14 0 16 85 83 86 84 92 
430 10 25 32 56 80 94 
431 35 39 59 85 
432 35 39 59 85 91 92 93 
433 19 46 53 74 86 95 
434 19 46 53 74 16 86 95 93 
435 19 46 53 74 16 86 84 95 93 
436 3 18 20 85 93 99 
437 34 67 77 80 
438 34 67 77 16 80 
439 34 67 77 16 80 84 
440 44 64 77 79 91 
441 44 64 77 79 91 97 
442 44 64 77 79 16 91 97 
443 44 64 77 79 16 84 91 97 
444 0 36 64 86 89 99 
445 0 36 64 14 86 89 99 
446 0 36 64 14 16 86 89 93 96 99 
447 0 36 64 14 16 86 84 89 93 96 99 
448 11 43 54 84 96 99 
449 7 25 47 59 83 
450 7 25 47 59 21 83 91 93 
451 7 25 47 59 21 6 83 82 91 93 
452 7 25 47 59 21 6 83 82 81 91 93 
453 34 37 56 80 98 99 
454 13 15 18 27 80 96 99 
455 13 15 18 27 16 80 83 96 99 
456 13 15 18 27 16 80 83 84 96 99 
457 11 51 54 63 83 89 
458 11 51 54 63 83 89 98 
459 6 12 16 49 92 99 
460 6 12 16 49 15 81 84 92 93 98 99 
461 6 12 16 49 15 14 81 84 83 92 93 98 99 
462 6 12 16 49 15 14 0 81 84 83 92 93 98 99 
463 6 12 16 49 15 14 0 21 81 84 83 92 93 98 90 94 95 99 
464 6 12 16 49 15 14 0 21 81 84 83 82 92 93 98 90 94 95 99 
465 33 60 76 90 
466 10 21 23 71 90 
467 10 21 23 71 7 82 90 
468 10 21 23 71 7 6 82 90 
469 10 21 23 71 7 6 82 81 90 
470 22 52 53 96 99 
471 7 25 29 36 98 99 
472 7 25 29 36 21 98 99 
473 7 25 29 36 21 6 82 98 99 
474 7 25 29 36 21 6 82 81 98 99 
475 21 45 58 68 85 97 99 
476 21 45 58 68 85 82 97 91 93 99 
477 28 33 37 78 84 98 99 
478 28 33 37 78 84 98 90 91 93 99 
479 7 56 69 78 96 99 
480 7 56 69 78 21 86 96 93 99 
481 7 56 69 78 21 6 86 82 96 93 97 99 
482 7 56 69 78 21 6 86 82 81 96 93 97 99 
483 29 39 66 82 94 99 
484 29 39 66 82 94 92 99 
485 10 16 26 86 87 
486 10 16 26 86 84 85 87 
487 1 27 42 74 86 92 
488 1 27 42 74 14 86 92 93 
489 1 27 42 74 14 26 86 92 93 
490 1 27 42 74 14 26 86 85 92 93 
491 46 52 53 62 82 97 
492 46 52 53 62 82 97 91 93 
493 9 20 24 42 91 99 
494 9 20 24 42 91 93 99 
495 55 65 72 78 97 99 
496 55 65 72 78 97 98 99 
497 20 23 38 42 83 93 99 
498 34 55 61 80 95 99 
499 18 24 30 86 97 
500 14 37 54 55 84 99 
501 14 37 54 55 0 84 99 
502 14 37 54 55 0 15 84 93 99 
503 14 37 54 55 0 15 84 83 93 99 
504 4 19 36 77 85 95 99 
505 12 25 53 81 94 99 
506 30 34 62 84 92 99 
507 5 21 54 72 86 94 99 
508 5 21 54 72 7 86 80 82 94 91 92 97 98 99 
509 5 21 54 72 7 6 86 80 82 94 91 92 97 98 93 99 
510 5 21 54 72 7 6 86 80 82 81 94 91 92 97 98 93 99 
511 40 50 77 84 87 99 
512 40 50 77 7 84 87 91 92 97 99 
513 40 50 77 7 17 84 87 91 92 97 93 99 
514 40 50 77 7 17 14 84 87 91 92 97 93 90 99 
515 40 50 77 7 17 14 15 84 87 91 92 97 93 90 98 99 
516 40 50 77 7 17 14 15 84 83 87 91 92 97 93 90 98 99 
517 16 34 43 49 86 88 99 
518 16 34 43 49 15 86 84 88 93 98 99 
519 16 34 43 49 15 14 86 84 83 88 93 98 99 
520 16 34 43 49 15 14 0 86 84 83 88 93 98 99 
521 16 34 43 49 15 14 0 7 86 84 83 88 93 98 95 99 
522 16 34 43 49 15 14 0 7 24 86 84 83 88 93 98 95 91 94 99 
523 16 34 43 49 15 14 0 7 24 17 86 84 83 88 93 98 95 91 94 90 97 99 
524 28 35 42 80 98 
525 28 35 42 80 98 93 
526 28 35 42 16 80 98 93 
527 28 35 42 16 80 84 98 93 
528 4 23 41 80 97 99 
529 4 23 41 80 97 93 99 
530 38 51 61 65 86 91 
531 38 51 61 65 86 91 93 
532 7 17 47 76 97 
533 7 17 47 76 21 97 91 93 
534 7 17 47 76 21 82 97 91 93 
535 16 46 68 81 92 
536 16 46 68 81 84 92 
537 20 42 46 76 82 87 99 
538 20 42 46 76 82 87 93 99 
539 14 29 43 80 90 
540 14 29 43 16 80 90 
541 14 29 43 16 80 84 90 
542 21 28 70 82 94 99 
543 41 61 66 77 85 90 
544 41 61 66 77 85 90 93 
545 15 64 68 76 82 
546 15 64 68 76 14 82 83 
547 15 64 68 76 14 0 82 83 96 
548 15 64 68 76 14 0 26 82 83 96 
549 15 64 68 76 14 0 26 82 83 85 96 
550 18 63 66 84 91 
551 4 33 64 86 87 99 
552 6 13 30 80 90 
553 6 13 30 16 80 81 90 
554 6 13 30 16 80 81 84 90 
555 20 32 68 79 82 91 99 
556 30 50 63 71 84 89 99 
557 6 10 16 86 
558 6 10 16 86 81 84 
559 1 8 16 49 90 99 
560 1 8 16 49 14 84 90 93 98 99 
561 1 8 16 49 14 15 84 90 93 98 99 
562 1 8 16 49 14 15 84 83 90 93 98 99 
563 27 40 58 66 85 92 
564 27 40 58 66 7 85 92 91 93 97 
565 27 40 58 66 7 5 85 92 91 93 97 90 
566 27 40 58 66 7 5 85 80 92 91 93 97 90 
567 0 29 65 80 95 
568 0 29 65 16 80 95 
569 0 29 65 16 80 84 95 
570 0 7 19 73 83 89 99 
571 0 7 19 73 21 83 89 99 
572 0 7 19 73 21 6 83 82 89 99 
573 0 7 19 73 21 6 83 82 81 89 99 
574 23 45 66 84 90 
575 23 45 66 84 90 93 
576 39 47 55 71 82 95 99 
577 39 47 55 71 82 95 91 92 93 99 
578 32 63 71 85 
579 7 33 38 85 90 99 
580 7 33 38 21 85 90 91 93 99 
581 7 33 38 21 6 85 82 90 91 93 99 
582 7 33 38 21 6 85 82 81 90 91 93 99 
583 5 25 74 76 95 
584 5 25 74 76 80 95 
585 3 34 50 80 90 
586 11 41 63 80 91 
587 11 41 63 80 91 93 
588 11 41 63 16 80 91 93 
589 11 41 63 16 80 84 91 93 
590 4 19 21 63 91 99 
591 4 19 21 63 82 91 99 
592 9 11 25 74 83 93 99 
593 10 35 40 69 82 89 
594 10 35 40 69 7 82 86 89 91 92 93 97 
595 10 35 40 69 7 5 82 86 89 91 92 93 97 
596 10 35 40 69 7 5 82 86 80 89 91 92 93 97 
597 53 69 71 86 93 
598 61 72 74 85 90 
599 52 55 69 83 92 99 
600 52 55 69 83 86 92 99 
601 1 22 24 37 84 87 99 
602 1 22 24 37 14 84 87 99 
603 1 22 24 37 14 15 84 87 91 93 99 
604 1 22 24 37 14 15 84 83 87 91 93 99 
605 16 26 41 47 81 97 
606 16 26 41 47 81 84 85 97 
607 18 32 40 66 82 96 99 
608 18 32 40 66 7 82 96 91 92 93 99 
609 18 32 40 66 7 6 82 96 91 92 93 99 
610 18 32 40 66 7 6 5 82 81 96 91 92 93 99 
611 18 32 40 66 7 6 5 14 82 81 80 96 91 92 93 99 
612 18 32 40 66 7 6 5 14 0 82 81 80 96 91 92 93 98 99 
613 18 32 40 66 7 6 5 14 0 26 82 81 80 96 91 92 93 98 99 
614 18 32 40 66 7 6 5 14 0 26 82 81 80 85 96 91 92 93 98 99 
615 29 43 44 49 85 94 99 
616 29 43 44 49 85 94 93 98 99 
617 40 42 63 80 91 99 
618 40 42 63 7 80 91 92 93 97 99 
619 40 42 63 7 6 80 91 92 93 97 99 
620 40 42 63 7 6 21 80 81 91 92 93 97 99 
621 40 42 63 7 6 21 80 81 82 91 92 93 97 99 
622 4 44 58 86 88 99 
623 18 63 66 86 97 
624 9 16 32 74 85 88 99 
625 9 16 32 74 15 85 84 88 99 
626 9 16 32 74 15 14 85 84 83 88 99 
627 9 16 32 74 15 14 0 85 84 83 88 99 
628 2 14 17 82 91 99 
629 2 14 17 16 82 91 99 
630 2 14 17 16 82 84 91 99 
631 16 34 43 49 81 88 99 
632 16 34 43 49 15 81 84 88 93 98 99 
633 16 34 43 49 15 14 81 84 83 88 93 98 99 
634 16 34 43 49 15 14 0 81 84 83 88 93 98 99 
635 7 33 53 81 94 
636 7 33 53 21 81 94 
637 7 33 53 21 6 81 82 94 
638 7 33 53 21 6 16 81 82 94 
639 7 33 53 21 6 16 81 82 84 94 
640 25 56 57 97 
641 25 56 57 97 87 90 91 92 93 94 95 96 98 
642 18 24 30 85 89 
643 19 42 53 67 81 94 99 
644 19 42 53 67 81 94 93 99 
645 7 9 57 71 80 91 99 
646 7 9 57 71 21 80 91 99 
647 7 9 57 71 21 6 80 82 91 99 
648 7 9 57 71 21 6 80 82 81 91 99 
649 3 12 65 71 84 99 
650 3 12 65 71 84 93 99 
651 14 30 59 61 84 91 99 
652 14 30 59 61 0 84 91 93 99 
653 14 30 59 61 0 15 84 91 93 99 
654 14 30 59 61 0 15 84 83 91 93 99 
655 25 35 51 59 96 
656 9 33 70 84 
657 16 28 63 80 97 
658 16 28 63 80 84 97 
659 58 67 74 86 92 99 
660 4 58 61 76 84 88 99 
661 4 58 61 76 84 88 93 99 
662 28 42 76 83 92 
663 28 42 76 83 92 93 
664 5 45 48 80 93 99 
665 1 30 68 75 85 94 
666 1 30 68 75 14 85 94 
667 1 30 68 75 14 16 85 94 
668 1 30 68 75 14 16 85 84 94 
669 3 47 66 79 82 88 99 
670 3 47 66 79 82 88 93 97 99 
671 10 15 44 76 83 
672 10 15 44 76 14 83 
673 10 15 44 76 14 0 83 
674 10 15 44 76 14 0 26 83 
675 10 15 44 76 14 0 26 83 85 87 90 91 92 93 94 95 96 97 98 
676 8 20 47 60 84 93 
677 8 20 47 60 84 93 91 
678 23 25 74 89 99 
679 17 24 78 85 
680 17 24 78 14 85 
681 17 24 78 14 0 85 91 93 94 98 
682 17 24 78 14 0 16 85 91 93 94 98 
683 17 24 78 14 0 16 85 84 91 93 94 98 
684 3 26 41 57 86 93 
685 3 26 41 57 14 86 85 93 
686 3 26 41 57 14 0 86 85 93 
687 3 26 41 57 14 0 15 86 85 93 
688 3 26 41 57 14 0 15 86 85 83 93 
689 13 19 20 73 86 99 
690 20 62 69 82 94 99 
691 20 62 69 82 86 94 99 
692 19 28 55 83 99 
693 3 8 11 81 95 
694 47 60 71 85 87 
695 47 60 71 85 87 91 93 
696 4 9 57 84 
697 11 45 63 80 87 99 
698 11 45 63 80 87 93 99 
699 8 13 14 81 91 
700 8 13 14 0 81 91 
701 8 13 14 0 26 81 91 
702 8 13 14 0 26 81 85 91 
703 13 30 38 71 90 
704 13 30 38 71 27 90 91 93 
705 13 30 38 71 27 7 90 91 93 
706 13 30 38 71 27 7 15 90 91 93 97 
707 13 30 38 71 27 7 15 83 90 91 93 97 
708 20 42 46 76 83 89 99 
709 20 42 46 76 83 89 93 99 
710 6 25 30 55 84 88 99 
711 6 25 30 55 14 84 81 88 99 
712 6 25 30 55 14 0 84 81 88 99 
713 6 25 30 55 14 0 16 84 81 88 99 
714 6 25 30 55 14 0 16 38 84 81 88 91 92 93 94 95 97 98 99 
715 1 14 69 83 96 99 
716 1 14 69 26 83 86 96 99 
717 1 14 69 26 83 86 85 96 99 
718 10 15 37 40 81 95 99 
719 10 15 37 40 16 81 83 95 92 97 99 
720 10 15 37 40 16 14 81 83 84 95 92 97 99 
721 10 15 37 40 16 14 0 81 83 84 95 92 97 99 
722 10 15 37 40 16 14 0 52 81 83 84 95 92 97 91 93 94 98 99 
723 10 15 37 40 16 14 0 52 46 81 83 84 95 92 97 91 93 94 98 87 90 96 99 
724 10 15 37 40 16 14 0 52 46 69 81 83 84 95 92 97 91 93 94 98 87 90 96 99 
725 10 15 37 40 16 14 0 52 46 69 48 81 83 84 86 95 92 97 91 93 94 98 87 90 96 99 
726 10 15 37 40 16 14 0 52 46 69 48 24 81 83 84 86 95 92 97 91 93 94 98 87 90 96 99 
727 10 15 37 40 16 14 0 52 46 69 48 24 22 81 83 84 86 95 92 97 91 93 94 98 87 90 96 99 
728 10 15 37 40 16 14 0 52 46 69 48 24 22 47 81 83 84 86 95 92 97 91 93 94 98 87 90 96 99 
729 10 15 37 40 16 14 0 52 46 69 48 24 22 47 78 81 83 84 86 95 92 97 91 93 94 98 87 90 96 99 
730 10 15 37 40 16 14 0 52 46 69 48 24 22 47 78 49 81 83 84 86 95 92 97 91 93 94 98 87 90 96 99 
731 10 15 37 40 16 14 0 52 46 69 48 24 22 47 78 49 31 81 83 84 86 95 92 97 91 93 94 98 87 90 96 99 
732 10 15 37 40 16 14 0 52 46 69 48 24 22 47 78 49 31 39 81 83 84 86 95 92 97 91 93 94 98 87 90 96 99 
733 10 15 37 40 16 14 0 52 46 69 48 24 22 47 78 49 31 39 21 81 83 84 86 95 92 97 91 93 94 98 87 90 96 99 
734 10 15 37 40 16 14 0 52 46 69 48 24 22 47 78 49 31 39 21 81 83 84 86 82 95 92 97 91 93 94 98 87 90 96 99 
735 0 16 22 28 81 89 99 
736 0 16 22 28 14 81 84 89 99 
737 0 16 22 28 14 15 81 84 89 99 
738 0 16 22 28 14 15 81 84 83 89 99 
739 0 44 50 61 82 92 
740 0 44 50 61 14 82 92 
741 0 44 50 61 14 16 82 92 
742 0 44 50 61 14 16 82 84 92 
743 16 53 76 81 91 99 
744 16 53 76 15 81 84 91 99 
745 16 53 76 15 14 81 84 83 91 99 
746 16 53 76 15 14 0 81 84 83 91 99 
747 9 40 59 67 85 96 99 
748 9 40 59 67 85 96 91 92 93 99 
749 22 24 67 81 93 
750 31 42 56 80 88 
751 31 42 56 80 88 93 
752 12 19 27 62 80 88 99 
753 13 17 74 83 99 
754 1 16 28 
755 1 16 28 84 
756 21 23 38 53 83 92 
757 21 23 38 53 7 83 82 92 
758 21 23 38 53 7 6 83 82 92 
759 21 23 38 53 7 6 83 82 81 92 
760 9 54 64 85 94 
761 2 20 40 62 81 93 
762 2 20 40 62 81 93 91 92 97 
763 2 20 40 62 16 81 93 91 92 97 
764 2 20 40 62 16 81 84 93 91 92 97 
765 40 60 68 89 
766 40 60 68 7 89 91 92 93 97 
767 40 60 68 7 5 89 91 92 93 97 
768 40 60 68 7 5 80 89 91 92 93 97 
769 46 52 69 72 82 97 
770 46 52 69 72 16 82 86 97 91 93 
771 46 52 69 72 16 82 86 84 97 91 93 
772 20 33 52 73 82 90 99 
773 27 43 51 78 86 93 
774 27 43 51 78 16 86 93 
775 27 43 51 78 16 86 84 93 
776 0 13 46 97 99 
777 0 13 46 14 97 93 99 
778 0 13 46 14 16 97 93 99 
779 0 13 46 14 16 84 97 93 99 
780 16 18 39 83 98 99 
781 16 18 39 14 83 84 98 92 99 
782 16 18 39 14 0 83 84 98 92 91 93 99 
783 16 18 39 14 0 15 83 84 98 92 91 93 99 
784 16 18 39 14 0 15 83 84 98 92 91 93 94 99 
785 8 14 75 80 88 99 
786 8 14 75 0 80 88 99 
787 8 14 75 0 16 80 88 99 
788 8 14 75 0 16 80 84 88 99 
789 1 66 79 80 98 99 
790 1 66 79 80 98 97 99 
791 6 32 40 59 84 90 
792 6 32 40 59 7 84 81 90 91 92 93 97 
793 6 32 40 59 7 5 84 81 90 91 92 93 97 
794 6 32 40 59 7 5 84 81 80 90 91 92 93 97 87 94 95 96 98 
795 14 24 27 50 80 95 99 
796 14 24 27 50 0 80 95 99 
797 14 24 27 50 0 16 80 95 93 99 
798 14 24 27 50 0 16 80 84 95 93 99 
799 3 47 54 77 84 98 
800 3 47 54 77 84 98 91 93 
801 32 48 66 84 91 99 
802 32 48 66 84 91 93 99 
803 4 63 79 83 96 99 
804 4 63 79 83 96 97 99 
805 25 26 74 76 95 
806 25 26 74 76 14 85 95 
807 25 26 74 76 14 0 85 95 
808 25 26 74 76 14 0 17 85 95 90 91 92 93 94 96 97 98 
809 34 38 42 80 
810 34 38 42 80 93 
811 1 9 34 61 86 90 
812 1 9 34 61 16 86 90 
813 1 9 34 61 16 86 84 90 
814 1 14 69 83 92 99 
815 1 14 69 26 83 86 92 99 
816 1 14 69 26 83 86 85 92 99 
817 3 8 35 86 89 
818 24 70 74 89 
819 6 62 63 79 91 99 
820 6 62 63 79 21 81 91 97 99 
821 6 62 63 79 21 7 81 82 91 97 99 
822 6 62 63 79 21 7 14 81 82 91 97 99 
823 6 62 63 79 21 7 14 0 81 82 91 97 99 
824 6 62 63 79 21 7 14 0 24 81 82 91 97 99 
825 6 62 63 79 21 7 14 0 24 26 81 82 91 97 93 96 98 99 
826 6 62 63 79 21 7 14 0 24 26 81 82 85 91 97 93 96 98 99 
827 13 47 74 82 95 
828 13 47 74 82 95 93 
829 13 47 74 16 82 95 93 
830 13 47 74 16 82 84 95 93 
831 18 57 62 73 82 88 99 
832 48 54 62 70 81 98 99 
833 48 54 62 70 81 98 93 99 
834 12 15 40 76 81 94 99 
835 12 15 40 76 16 81 83 94 91 92 97 99 
836 12 15 40 76 16 14 81 83 84 94 91 92 97 93 99 
837 12 15 40 76 16 14 0 81 83 84 94 91 92 97 93 99 
838 12 15 40 76 16 14 0 43 81 83 84 94 91 92 97 93 98 99 
839 12 15 40 76 16 14 0 43 52 81 83 84 94 91 92 97 93 98 95 99 
840 12 15 40 76 16 14 0 43 52 36 81 83 84 94 91 92 97 93 98 95 90 96 99 
841 12 15 40 76 16 14 0 43 52 36 39 81 83 84 94 91 92 97 93 98 95 90 96 87 99 
842 12 15 40 76 16 14 0 43 52 36 39 29 81 83 84 94 91 92 97 93 98 95 90 96 87 99 
843 12 15 40 76 16 14 0 43 52 36 39 29 55 81 83 84 94 91 92 97 93 98 95 90 96 87 99 
844 12 15 40 76 16 14 0 43 52 36 39 29 55 7 81 83 84 94 91 92 97 93 98 95 90 96 87 99 
845 12 15 40 76 16 14 0 43 52 36 39 29 55 7 48 81 83 84 94 91 92 97 93 98 95 90 96 87 99 
846 12 15 40 76 16 14 0 43 52 36 39 29 55 7 48 51 81 83 84 94 91 92 97 93 98 95 90 96 87 99 
847 12 15 40 76 16 14 0 43 52 36 39 29 55 7 48 51 13 81 83 84 94 91 92 97 93 98 95 90 96 87 99 
848 12 15 40 76 16 14 0 43 52 36 39 29 55 7 48 51 13 17 81 83 84 94 91 92 97 93 98 95 90 96 87 99 
849 12 15 40 76 16 14 0 43 52 36 39 29 55 7 48 51 13 17 79 81 83 84 94 91 92 97 93 98 95 90 96 87 99 
850 9 17 47 79 85 88 
851 9 17 47 79 14 85 88 91 93 97 
852 9 17 47 79 14 16 85 88 91 93 97 
853 9 17 47 79 14 16 85 84 88 91 93 97 
854 10 18 52 84 95 99 
855 28 36 63 72 82 90 
856 58 63 76 99 
857 6 25 36 64 83 98 99 
858 6 25 36 64 83 81 98 99 
859 15 34 65 73 86 89 99 
860 15 34 65 73 16 86 83 89 99 
861 15 34 65 73 16 14 86 83 84 89 99 
862 15 34 65 73 16 14 0 86 83 84 89 93 99 
863 15 34 65 73 16 14 0 7 86 83 84 89 93 90 91 94 95 98 99 
864 15 34 65 73 16 14 0 7 2 86 83 84 89 93 90 91 94 95 98 99 
865 15 34 65 73 16 14 0 7 2 48 86 83 84 89 93 90 91 94 95 98 92 97 99 
866 15 34 65 73 16 14 0 7 2 48 79 86 83 84 89 93 90 91 94 95 98 92 97 99 
867 7 15 29 84 92 
868 7 15 29 21 84 83 92 
869 7 15 29 21 6 84 83 82 92 
870 7 15 29 21 6 84 83 82 81 92 
871 7 18 55 58 85 95 99 
872 7 18 55 58 21 85 95 93 99 
873 7 18 55 58 21 6 85 82 95 93 99 
874 7 18 55 58 21 6 85 82 81 95 93 99 
875 44 50 75 79 84 87 
876 44 50 75 79 84 87 97 
877 24 40 61 89 99 
878 24 40 61 7 89 91 92 93 97 99 
879 24 40 61 7 17 89 91 92 93 97 99 
880 24 40 61 7 17 14 89 91 92 93 97 90 99 
881 24 40 61 7 17 14 26 89 91 92 93 97 90 94 95 98 99 
882 24 40 61 7 17 14 26 85 89 91 92 93 97 90 94 95 98 99 
883 12 16 40 93 99 
884 12 16 40 15 84 93 91 92 97 99 
885 12 16 40 15 14 84 83 93 91 92 97 99 
886 12 16 40 15 14 0 84 83 93 91 92 97 99 
887 12 16 40 15 14 0 24 84 83 93 91 92 97 94 99 
888 24 47 55 71 80 91 
889 24 47 55 71 16 80 91 93 
890 24 47 55 71 16 80 84 91 93 
891 18 20 27 60 96 
892 26 32 48 85 95 99 
893 26 32 48 15 85 95 91 93 99 
894 26 32 48 15 14 85 83 95 91 93 99 
895 26 32 48 15 14 0 85 83 95 91 93 98 99 
896 26 32 48 15 14 0 52 85 83 95 91 93 98 92 96 97 99 
897 26 32 48 15 14 0 52 7 85 83 95 91 93 98 92 96 97 94 99 
898 16 56 61 80 95 
899 16 56 61 80 84 95 
900 16 39 49 83 
901 16 39 49 14 83 84 91 92 93 98 
902 16 39 49 14 0 83 84 91 92 93 98 
903 16 39 49 14 0 15 83 84 91 92 93 98 
904 1 66 79 85 91 99 
905 1 66 79 14 85 91 97 99 
906 1 66 79 14 15 85 91 97 99 
907 1 66 79 14 15 85 83 91 97 99 
908 7 9 20 64 86 87 
909 7 9 20 64 6 86 87 96 
910 7 9 20 64 6 86 81 87 96 
911 6 10 50 82 95 99 
912 6 10 50 82 81 95 99 
913 26 33 68 82 89 99 
914 26 33 68 15 82 85 89 99 
915 26 33 68 15 14 82 85 83 89 99 
916 26 33 68 15 14 0 82 85 83 89 99 
917 51 52 57 75 86 96 99 
918 51 52 57 75 86 96 98 99 
919 26 41 49 90 99 
920 26 41 49 85 90 93 98 99 
921 6 26 65 85 89 99 
922 6 26 65 85 81 89 99 
923 17 24 40 86 87 
924 17 24 40 7 86 87 91 92 93 97 
925 17 24 40 7 14 86 87 91 92 93 97 90 
926 17 24 40 7 14 16 86 87 91 92 93 97 90 94 95 98 
927 17 24 40 7 14 16 86 84 87 91 92 93 97 90 94 95 98 
928 10 25 47 68 81 98 99 
929 10 25 47 68 81 98 93 99 
930 11 17 35 43 
931 42 68 70 74 82 87 99 
932 42 68 70 74 82 87 93 99 
933 11 30 48 53 85 91 99 
934 11 30 48 53 85 91 93 98 99 
935 19 52 67 69 85 97 
936 19 52 67 69 85 86 97 87 90 91 92 93 94 95 96 98 
937 25 35 39 79 81 99 
938 25 35 39 79 81 91 92 97 99 
939 10 71 78 83 96 99 
940 10 71 78 83 96 93 99 
941 34 67 77 83 
942 34 67 77 16 83 
943 34 67 77 16 83 84 
944 3 5 46 70 82 92 
945 3 5 46 70 82 80 92 93 
946 6 47 67 85 93 99 
947 6 47 67 85 81 93 99 
948 38 59 62 85 89 
949 38 59 62 85 89 91 93 
950 12 24 28 42 84 88 99 
951 12 24 28 42 84 88 93 99 
952 40 42 63 81 87 99 
953 40 42 63 7 81 87 92 93 97 99 
954 40 42 63 7 5 81 87 92 93 97 99 
955 40 42 63 7 5 6 81 80 87 92 93 97 99 
956 40 42 63 7 5 6 14 81 80 87 92 93 97 99 
957 40 42 63 7 5 6 14 0 81 80 87 92 93 97 91 99 
958 40 42 63 7 5 6 14 0 24 81 80 87 92 93 97 91 99 
959 40 42 63 7 5 6 14 0 24 26 81 80 87 92 93 97 91 94 96 98 99 
960 40 42 63 7 5 6 14 0 24 26 81 80 85 87 92 93 97 91 94 96 98 99 
961 31 36 53 61 84 90 99 
962 30 34 62 82 95 99 
963 6 65 79 85 97 
964 6 65 79 21 85 81 97 
965 6 65 79 21 85 81 82 97 
966 6 22 23 29 83 91 
967 6 22 23 29 83 81 91 
968 12 13 47 81 98 
969 12 13 47 81 98 91 93 
970 12 13 47 16 81 98 91 93 
971 12 13 47 16 81 84 98 91 93 
972 7 29 48 60 84 88 99 
973 7 29 48 60 21 84 88 93 99 
974 7 29 48 60 21 6 84 82 88 93 99 
975 7 29 48 60 21 6 84 82 81 88 93 99 
976 1 18 41 81 
977 1 18 41 14 81 93 
978 1 18 41 14 26 81 93 
979 1 18 41 14 26 81 85 93 
980 1 13 34 70 89 
981 1 13 34 70 14 89 
982 1 13 34 70 14 16 89 
983 1 13 34 70 14 16 84 89 
984 48 54 62 70 83 92 99 
985 48 54 62 70 83 92 93 98 99 
986 28 40 67 70 83 94 99 
987 28 40 67 70 7 83 94 90 91 92 93 99 
988 28 40 67 70 7 17 83 94 90 91 92 93 99 
989 28 40 67 70 7 17 14 83 94 90 91 92 93 99 
990 28 40 67 70 7 17 14 26 83 94 90 91 92 93 98 99 
991 28 40 67 70 7 17 14 26 83 85 94 90 91 92 93 98 99 
992 27 36 50 79 84 89 
993 27 36 50 79 84 89 97 
994 3 8 37 49 81 88 99 
995 3 8 37 49 81 88 93 98 99 
996 46 52 53 62 84 96 
997 46 52 53 62 84 96 91 93 
998 9 47 66 76 85 92 99 
999 9 47 66 76 85 92 93 99 
1000 43 51 75 82 94 99 
1001 43 51 75 82 94 98 99 
1002 31 42 56 86 91 
1003 31 42 56 86 91 93 
1004 15 73 76 80 98 99 
1005 15 73 76 16 80 83 98 99 
1006 15 73 76 16 14 80 83 84 98 99 
1007 15 73 76 16 14 0 80 83 84 98 99 
1008 15 73 76 16 14 0 17 80 83 84 98 99 
1009 15 73 76 16 14 0 17 2 80 83 84 98 90 91 93 94 95 96 99 
1010 15 73 76 16 14 0 17 2 44 80 83 84 98 90 91 93 94 95 96 87 92 97 99 
1011 15 73 76 16 14 0 17 2 44 48 80 83 84 98 90 91 93 94 95 96 87 92 97 99 
1012 30 34 60 66 86 97 
1013 16 73 76 80 93 
1014 16 73 76 80 84 93 
1015 54 70 74 94 99 
1016 14 37 63 68 86 
1017 14 37 63 68 0 86 
1018 14 37 63 68 0 15 86 
1019 14 37 63 68 0 15 16 86 83 
1020 14 37 63 68 0 15 16 86 83 84 
1021 9 10 11 16 86 87 
1022 9 10 11 16 86 84 87 
1023 30 34 62 81 91 99 
1024 8 27 68 83 96 
1025 4 12 43 60 82 97 
1026 4 12 43 60 16 82 97 
1027 4 12 43 60 16 82 84 97 
1028 19 24 45 82 93 
1029 19 24 45 16 82 93 
1030 19 24 45 16 82 84 93 
1031 7 29 48 60 80 90 99 
1032 7 29 48 60 21 80 90 93 99 
1033 7 29 48 60 21 6 80 82 90 93 99 
1034 7 29 48 60 21 6 80 82 81 90 93 99 
1035 0 25 29 38 84 91 99 
1036 0 25 29 38 14 84 91 99 
1037 0 25 29 38 14 16 84 91 93 99 
1038 32 37 56 85 91 
1039 32 37 56 85 91 93 
1040 12 47 58 96 
1041 12 47 58 96 91 93 
1042 23 24 66 83 90 
1043 0 12 29 80 89 99 
1044 0 12 29 14 80 89 99 
1045 0 12 29 14 16 80 89 99 
1046 0 12 29 14 16 80 84 89 99 
1047 27 42 74 81 87 
1048 27 42 74 81 87 93 
1049 27 42 74 16 81 87 93 
1050 27 42 74 16 81 84 87 93 
1051 20 29 59 72 83 96 99 
1052 7 9 57 71 83 88 99 
1053 7 9 57 71 21 83 88 99 
1054 7 9 57 71 21 6 83 82 88 99 
1055 7 9 57 71 21 6 83 82 81 88 99 
1056 2 35 57 67 85 96 99 
1057 25 40 67 85 96 
1058 25 40 67 7 85 96 91 92 93 
1059 25 40 67 7 17 85 96 91 92 93 
1060 25 40 67 7 17 14 85 96 91 92 93 90 
1061 25 40 67 7 17 14 16 85 96 91 92 93 90 94 98 
1062 25 40 67 7 17 14 16 85 84 96 91 92 93 90 94 98 
1063 16 19 25 86 95 
1064 16 19 25 86 84 95 
1065 25 31 36 98 
1066 9 29 76 83 88 99 
1067 7 9 41 71 83 95 
1068 7 9 41 71 6 83 95 93 
1069 7 9 41 71 6 83 81 95 93 
1070 8 21 30 50 90 
1071 8 21 30 50 7 82 90 
1072 8 21 30 50 7 6 82 90 
1073 8 21 30 50 7 6 82 81 90 
1074 0 58 63 79 86 88 99 
1075 0 58 63 79 14 86 88 97 99 
1076 0 58 63 79 14 16 86 88 97 93 99 
1077 0 58 63 79 14 16 86 84 88 97 93 99 
1078 6 60 79 86 87 
1079 6 60 79 21 86 81 87 97 
1080 6 60 79 21 86 81 82 87 97 
1081 23 32 44 45 86 98 
1082 23 32 44 45 16 86 98 91 93 
1083 23 32 44 45 16 86 84 98 91 93 
1084 13 69 72 91 99 
1085 13 69 72 86 91 99 
1086 28 34 37 76 80 96 99 
1087 5 44 76 78 81 91 
1088 5 44 76 78 81 80 91 
1089 1 4 36 85 88 99 
1090 1 4 36 14 85 88 99 
1091 1 4 36 14 15 85 88 99 
1092 1 4 36 14 15 85 83 88 99 
1093 23 54 64 85 92 99 
1094 22 56 61 85 93 99 
1095 1 46 60 81 99 
1096 1 46 60 14 81 93 99 
1097 1 46 60 14 16 81 93 99 
1098 1 46 60 14 16 81 84 93 99 
1099 10 32 67 69 92 
1100 10 32 67 69 86 92 87 90 91 93 94 95 96 97 98 
1101 52 58 60 76 82 87 99 
1102 0 23 32 94 
1103 0 23 32 16 94 
1104 0 23 32 16 84 94 
1105 2 4 33 48 84 98 99 
1106 2 4 33 48 84 98 93 99 
1107 20 23 38 42 81 88 99 
1108 20 23 38 42 81 88 93 99 
1109 0 25 29 38 81 98 99 
1110 0 25 29 38 14 81 98 99 
1111 0 25 29 38 14 26 81 98 93 99 
1112 0 25 29 38 14 26 81 85 98 93 99 
1113 14 67 69 75 84 87 
1114 14 67 69 75 84 86 87 90 91 92 93 94 95 96 97 98 
1115 16 73 76 82 96 
1116 16 73 76 82 84 96 
1117 27 36 41 75 84 93 99 
1118 41 55 56 78 85 93 99 
1119 5 17 57 88 99 
1120 5 17 57 80 88 99 
1121 20 22 49 84 
1122 20 22 49 84 93 98 
1123 45 76 78 82 89 99 
1124 45 76 78 82 89 93 99 
1125 10 26 28 42 82 90 
1126 10 26 28 42 14 82 85 90 93 
1127 10 26 28 42 14 0 82 85 90 93 
1128 10 26 28 42 14 0 15 82 85 90 93 
1129 10 26 28 42 14 0 15 82 85 83 90 93 
1130 6 60 79 82 92 
1131 6 60 79 21 82 81 92 97 
1132 6 60 79 21 7 82 81 92 97 
1133 6 60 79 21 7 14 82 81 92 97 
1134 6 60 79 21 7 14 0 82 81 92 97 
1135 6 60 79 21 7 14 0 15 82 81 92 97 91 93 
1136 6 60 79 21 7 14 0 15 82 81 83 92 97 91 93 
1137 24 33 46 80 99 
1138 24 33 46 80 91 93 99 
1139 9 11 25 74 80 95 99 
1140 1 6 47 49 84 97 
1141 1 6 47 49 14 84 81 97 93 98 
1142 1 6 47 49 14 15 84 81 97 93 98 91 
1143 1 6 47 49 14 15 84 81 83 97 93 98 91 
1144 38 46 74 85 87 99 
1145 38 46 74 85 87 91 93 99 
1146 4 58 61 76 86 98 99 
1147 4 58 61 76 86 98 93 99 
1148 10 30 74 81 94 99 
1149 52 59 72 83 
1150 20 22 24 36 82 98 
1151 20 22 24 36 14 82 98 
1152 20 22 24 36 14 0 82 98 91 93 
1153 20 22 24 36 14 0 26 82 98 91 93 
1154 20 22 24 36 14 0 26 82 85 98 91 93 
1155 1 12 56 62 83 93 99 
1156 1 12 56 62 14 83 93 99 
1157 1 12 56 62 14 26 83 93 99 
1158 1 12 56 62 14 26 83 85 93 99 
1159 16 31 64 86 99 
1160 16 31 64 15 86 84 99 
1161 16 31 64 15 14 86 84 83 96 99 
1162 16 31 64 15 14 0 86 84 83 96 99 
1163 16 31 64 15 14 0 21 86 84 83 96 91 92 93 94 95 98 99 
1164 16 31 64 15 14 0 21 86 84 83 82 96 91 92 93 94 95 98 99 
1165 5 21 54 72 83 90 99 
1166 5 21 54 72 7 83 80 82 90 92 97 98 99 
1167 5 21 54 72 7 6 83 80 82 90 92 97 98 91 93 99 
1168 5 21 54 72 7 6 83 80 82 81 90 92 97 98 91 93 99 
1169 49 55 59 72 94 
1170 49 55 59 72 94 93 95 98 
1171 49 55 59 72 16 94 93 95 98 
1172 49 55 59 72 16 84 94 93 95 98 
1173 40 52 56 76 85 93 
1174 40 52 56 76 7 85 93 90 91 92 97 
1175 40 52 56 76 7 21 85 93 90 91 92 97 
1176 40 52 56 76 7 21 6 85 82 93 90 91 92 97 
1177 40 52 56 76 7 21 6 85 82 81 93 90 91 92 97 
1178 7 20 50 86 93 99 
1179 7 20 50 21 86 93 99 
1180 7 20 50 21 6 86 82 93 99 
1181 7 20 50 21 6 86 82 81 93 99 
1182 8 33 37 55 83 99 
1183 8 33 37 55 83 91 93 99 
1184 21 30 77 82 98 
1185 21 30 77 7 82 98 
1186 21 30 77 7 6 82 98 
1187 21 30 77 7 6 82 81 98 
1188 28 36 63 72 81 91 
1189 21 53 75 83 92 
1190 21 53 75 7 83 82 92 
1191 21 53 75 7 6 83 82 92 
1192 21 53 75 7 6 83 82 81 92 
1193 15 56 64 86 87 
1194 15 56 64 16 86 83 87 
1195 15 56 64 16 86 83 84 87 
1196 0 7 19 73 83 87 99 
1197 0 7 19 73 21 83 87 99 
1198 0 7 19 73 21 6 83 82 87 99 
1199 0 7 19 73 21 6 83 82 81 87 99 
1200 12 32 39 65 80 
1201 12 32 39 65 80 91 92 93 
1202 51 66 77 80 91 99 
1203 32 35 46 62 83 91 99 
1204 32 35 46 62 83 91 93 99 
1205 14 26 42 82 95 
1206 14 26 42 0 82 85 95 93 
1207 14 26 42 0 15 82 85 95 93 
1208 14 26 42 0 15 82 85 83 95 93 
1209 5 22 41 48 83 97 
1210 5 22 41 48 83 80 97 93 98 
1211 5 22 41 48 16 83 80 97 93 98 
1212 5 22 41 48 16 83 80 84 97 93 98 
1213 16 39 45 86 92 
1214 16 39 45 86 84 92 
1215 11 51 54 84 96 99 
1216 11 51 54 84 96 98 99 
1217 53 63 72 82 89 99 
1218 11 19 66 85 97 
1219 16 19 25 80 90 
1220 16 19 25 80 84 90 
1221 20 47 72 86 92 
1222 20 47 72 86 92 93 
1223 4 11 56 66 80 90 99 
1224 2 49 56 66 80 97 
1225 2 49 56 66 80 97 93 98 
1226 2 49 56 66 16 80 97 93 98 
1227 2 49 56 66 16 80 84 97 93 98 
1228 26 41 48 71 85 94 
1229 26 41 48 71 14 85 94 93 98 
1230 26 41 48 71 14 0 85 94 93 98 
1231 26 41 48 71 14 0 15 85 94 93 98 
1232 26 41 48 71 14 0 15 85 83 94 93 98 
1233 11 30 39 85 88 
1234 11 30 39 85 88 92 
1235 0 25 29 38 84 96 99 
1236 0 25 29 38 14 84 96 99 
1237 0 25 29 38 14 16 84 96 93 99 
1238 30 48 49 52 84 90 
1239 30 48 49 52 84 90 91 93 98 
1240 40 56 66 83 96 
1241 40 56 66 16 83 96 91 92 93 97 
1242 40 56 66 16 83 84 96 91 92 93 97 
1243 28 32 56 75 80 92 
1244 49 78 79 85 91 99 
1245 49 78 79 85 91 93 97 98 99 
1246 3 14 20 83 98 
1247 3 14 20 0 83 98 
1248 3 14 20 0 26 83 98 
1249 3 14 20 0 26 83 85 98 
1250 57 72 79 84 89 99 
1251 57 72 79 84 89 97 99 
1252 4 28 65 79 89 99 
1253 4 28 65 79 89 90 97 99 
1254 21 25 40 85 94 99 
1255 21 25 40 7 85 82 94 92 97 99 
1256 21 25 40 7 6 85 82 94 92 97 91 93 99 
1257 21 25 40 7 6 85 82 81 94 92 97 91 93 99 
1258 2 15 43 72 81 88 
1259 2 15 43 72 16 81 83 88 
1260 2 15 43 72 16 81 83 84 88 
1261 4 13 67 82 87 99 
1262 38 41 50 81 97 99 
1263 38 41 50 81 97 93 99 
1264 11 40 43 80 87 
1265 11 40 43 7 80 87 91 92 97 
1266 11 40 43 7 6 80 87 91 92 97 
1267 11 40 43 7 6 80 81 87 91 92 97 
1268 12 49 76 87 
1269 12 49 76 87 93 98 
1270 30 34 62 83 96 99 
1271 6 24 47 51 80 88 
1272 6 24 47 51 21 80 81 88 93 
1273 6 24 47 51 21 80 81 82 88 93 
1274 24 70 79 85 90 99 
1275 24 70 79 85 90 97 99 
1276 2 8 12 31 81 92 
1277 2 8 12 31 16 81 92 
1278 2 8 12 31 16 81 84 92 
1279 0 35 49 55 84 94 
1280 0 35 49 55 14 84 94 91 93 95 98 
1281 0 35 49 55 14 16 84 94 91 93 95 98 
1282 0 35 49 55 14 16 15 84 94 91 93 95 98 
1283 0 35 49 55 14 16 15 84 83 94 91 93 95 98 
1284 0 33 76 97 99 
1285 0 33 76 14 97 99 
1286 0 33 76 14 16 97 99 
1287 0 33 76 14 16 84 97 99 
1288 50 52 75 82 94 
1289 24 70 74 88 
1290 3 30 62 72 86 97 99 
1291 47 64 67 83 89 
1292 47 64 67 16 83 89 91 93 
1293 47 64 67 16 83 84 89 91 93 
1294 3 46 75 92 
1295 3 46 75 92 93 
1296 44 49 57 60 83 87 99 
1297 44 49 57 60 83 87 93 98 99 
1298 4 17 41 77 81 87 
1299 4 17 41 77 14 81 87 93 
1300 4 17 41 77 14 16 81 87 93 
1301 4 17 41 77 14 16 81 84 87 93 
1302 21 45 58 68 85 88 99 
1303 21 45 58 68 85 82 88 91 93 99 
1304 24 42 69 86 90 
1305 24 42 69 86 90 93 
1306 5 35 42 78 98 99 
1307 5 35 42 78 80 98 93 99 
1308 6 60 79 83 93 
1309 6 60 79 21 83 81 93 97 
1310 6 60 79 21 83 81 82 93 97 
1311 16 39 45 85 91 
1312 16 39 45 85 84 91 
1313 20 32 36 56 89 
1314 20 32 36 56 89 91 93 
1315 2 37 72 96 
1316 18 57 62 73 81 87 99 
1317 37 56 59 71 94 
1318 37 56 59 71 94 91 93 
1319 4 63 79 81 94 99 
1320 4 63 79 81 94 97 99 
1321 10 16 26 80 88 
1322 10 16 26 80 84 85 88 
1323 12 24 28 42 81 95 99 
1324 12 24 28 42 81 95 93 99 
1325 3 14 46 72 86 98 
1326 3 14 46 72 0 86 98 93 
1327 3 14 46 72 0 16 86 98 93 
1328 3 14 46 72 0 16 86 84 98 93 
1329 9 62 72 82 97 
1330 6 22 31 76 81 98 
1331 38 47 57 83 88 
1332 38 47 57 83 88 91 93 
1333 31 52 68 91 99 
1334 19 35 43 58 81 96 
1335 41 55 56 78 84 97 99 
1336 41 55 56 78 84 97 93 99 
1337 5 20 34 36 85 88 99 
1338 5 20 34 36 85 80 88 99 
1339 34 47 60 82 94 99 
1340 34 47 60 82 94 91 93 99 
1341 0 23 29 62 96 
1342 0 23 29 62 14 96 
1343 0 23 29 62 14 26 96 
1344 0 23 29 62 14 26 85 96 
1345 16 56 61 80 94 
1346 16 56 61 80 84 94 
1347 40 65 78 86 
1348 40 65 78 7 86 91 92 93 97 
1349 40 65 78 7 21 86 91 92 93 97 90 
1350 40 65 78 7 21 6 86 82 91 92 93 97 90 
1351 40 65 78 7 21 6 86 82 81 91 92 93 97 90 
1352 19 64 77 81 87 99 
1353 29 47 53 99 
1354 29 47 53 93 99 
1355 11 41 63 80 98 
1356 11 41 63 80 98 93 
1357 11 41 63 16 80 98 93 
1358 11 41 63 16 80 84 98 93 
1359 21 50 51 81 98 99 
1360 21 50 51 7 81 82 98 99 
1361 21 50 51 7 6 81 82 98 99 
1362 21 50 51 7 6 14 81 82 98 99 
1363 21 50 51 7 6 14 0 81 82 98 99 
1364 21 50 51 7 6 14 0 26 81 82 98 99 
1365 21 50 51 7 6 14 0 26 81 82 85 98 99 
1366 57 71 72 76 85 98 
1367 19 42 59 84 92 
1368 19 42 59 84 92 93 
1369 23 52 54 82 99 
1370 11 47 70 97 
1371 11 47 70 97 93 
1372 11 47 70 16 97 93 
1373 11 47 70 16 84 97 93 
1374 3 23 26 62 82 95 99 
1375 3 23 26 62 15 82 85 95 99 
1376 3 23 26 62 15 14 82 85 83 95 99 
1377 3 23 26 62 15 14 0 82 85 83 95 99 
1378 3 23 26 62 15 14 0 7 82 85 83 95 91 93 98 99 
1379 3 23 26 62 15 14 0 7 5 82 85 83 95 91 93 98 90 92 94 96 97 99 
1380 3 23 26 62 15 14 0 7 5 6 82 85 83 80 95 91 93 98 90 92 94 96 97 99 
1381 3 23 26 62 15 14 0 7 5 6 82 85 83 80 81 95 91 93 98 90 92 94 96 97 99 
1382 22 54 68 85 94 
1383 7 9 35 90 
1384 7 9 35 6 90 
1385 7 9 35 6 81 90 
1386 21 44 50 78 85 88 99 
1387 21 44 50 78 85 82 88 99 
1388 3 16 53 81 87 
1389 3 16 53 81 84 87 
1390 8 76 79 83 96 
1391 8 76 79 83 96 97 
1392 8 76 79 21 83 96 97 
1393 8 76 79 21 83 82 96 97 
1394 26 41 71 74 86 94 
1395 26 41 71 74 14 86 85 94 93 
1396 26 41 71 74 14 0 86 85 94 93 
1397 26 41 71 74 14 0 15 86 85 94 93 
1398 26 41 71 74 14 0 15 86 85 83 94 93 
1399 0 57 75 81 89 
1400 0 57 75 16 81 89 
1401 0 57 75 16 81 84 89 
1402 34 37 56 84 94 99 
1403 3 47 71 84 90 99 
1404 3 47 71 84 90 93 99 
1405 26 46 52 86 95 99 
1406 26 46 52 15 86 85 95 91 93 99 
1407 26 46 52 15 14 86 85 83 95 91 93 99 
1408 26 46 52 15 14 0 86 85 83 95 91 93 99 
1409 26 46 52 15 14 0 31 86 85 83 95 91 93 90 92 94 97 99 
1410 26 46 52 15 14 0 31 21 86 85 83 95 91 93 90 92 94 97 99 
1411 26 46 52 15 14 0 31 21 48 86 85 83 82 95 91 93 90 92 94 97 98 99 
1412 26 46 52 15 14 0 31 21 48 24 86 85 83 82 95 91 93 90 92 94 97 98 99 
1413 26 46 52 15 14 0 31 21 48 24 43 86 85 83 82 95 91 93 90 92 94 97 98 99 
1414 26 46 52 15 14 0 31 21 48 24 43 45 86 85 83 82 95 91 93 90 92 94 97 98 99 
1415 26 46 52 15 14 0 31 21 48 24 43 45 67 86 85 83 82 95 91 93 90 92 94 97 98 96 99 
1416 26 46 52 15 14 0 31 21 48 24 43 45 67 5 86 85 83 82 95 91 93 90 92 94 97 98 96 99 
1417 26 46 52 15 14 0 31 21 48 24 43 45 67 5 86 85 83 82 80 95 91 93 90 92 94 97 98 96 99 
1418 3 8 11 81 94 
1419 5 6 19 29 83 96 
1420 5 6 19 29 7 83 80 81 96 
1421 5 6 19 29 7 21 83 80 81 96 91 92 93 97 
1422 5 6 19 29 7 21 83 80 81 82 96 91 92 93 97 
1423 14 46 53 67 81 96 99 
1424 14 46 53 67 0 81 96 93 99 
1425 14 46 53 67 0 16 81 96 93 99 
1426 14 46 53 67 0 16 81 84 96 93 99 
1427 10 27 35 52 80 87 99 
1428 5 35 50 83 98 99 
1429 5 35 50 83 80 98 99 
1430 24 44 70 74 90 99 
1431 4 65 66 88 
1432 4 65 66 88 97 
1433 4 65 66 16 88 97 
1434 4 65 66 16 84 88 97 
1435 10 43 79 82 93 99 
1436 10 43 79 82 93 97 99 
1437 12 78 79 82 87 99 
1438 12 78 79 82 87 97 99 
1439 8 14 75 80 89 99 
1440 8 14 75 0 80 89 99 
1441 8 14 75 0 16 80 89 99 
1442 8 14 75 0 16 80 84 89 99 
1443 45 54 57 75 91 
1444 45 54 57 75 16 91 93 98 
1445 45 54 57 75 16 84 91 93 98 
1446 31 32 44 56 82 
1447 31 32 44 56 16 82 
1448 31 32 44 56 16 82 84 
1449 14 18 42 47 82 99 
1450 14 18 42 47 0 82 93 99 
1451 14 18 42 47 0 16 82 93 99 
1452 14 18 42 47 0 16 82 84 93 99 
1453 14 24 25 73 97 
1454 14 24 25 73 0 97 
1455 14 24 25 73 0 26 97 93 
1456 14 24 25 73 0 26 85 97 93 
1457 22 24 67 83 91 
1458 10 65 74 80 94 99 
1459 14 20 28 46 80 88 
1460 14 20 28 46 16 80 88 93 
1461 14 20 28 46 16 80 84 88 93 
1462 26 47 69 84 91 
1463 26 47 69 14 84 85 86 91 93 97 
1464 26 47 69 14 0 84 85 86 91 93 97 
1465 26 47 69 14 0 15 84 85 86 91 93 97 
1466 26 47 69 14 0 15 84 85 86 83 91 93 97 
1467 13 17 78 79 86 97 99 
1468 27 38 48 76 93 99 
1469 27 38 48 76 93 91 98 99 
1470 10 22 35 63 86 90 
1471 8 10 20 89 
1472 26 41 71 74 81 95 
1473 26 41 71 74 14 81 85 95 93 
1474 26 41 71 74 14 0 81 85 95 93 
1475 26 41 71 74 14 0 15 81 85 95 93 
1476 26 41 71 74 14 0 15 81 85 83 95 93 
1477 5 19 21 36 85 91 99 
1478 5 19 21 36 7 85 80 82 91 92 97 99 
1479 5 19 21 36 7 6 85 80 82 91 92 97 99 
1480 5 19 21 36 7 6 85 80 82 81 91 92 97 99 
1481 20 35 59 76 83 87 99 
1482 1 22 44 83 93 
1483 1 22 44 16 83 93 
1484 1 22 44 16 83 84 93 
1485 20 38 67 84 91 
1486 8 16 39 65 84 98 
1487 8 16 39 65 14 84 98 91 92 93 
1488 8 16 39 65 14 0 84 98 91 92 93 
1489 8 16 39 65 14 0 15 84 98 91 92 93 
1490 8 16 39 65 14 0 15 84 83 98 91 92 93 
1491 13 31 60 71 97 99 
1492 32 54 66 73 82 89 99 
1493 8 14 67 87 99 
1494 8 14 67 0 87 99 
1495 8 14 67 0 16 87 99 
1496 8 14 67 0 16 84 87 99 
1497 53 69 71 86 87 
1498 2 38 48 59 86 93 
1499 2 38 48 59 21 86 93 91 98 
1500 2 38 48 59 21 6 86 82 93 91 98 
1501 2 38 48 59 21 6 86 82 81 93 91 98 
1502 21 31 78 80 94 99 
1503 21 31 78 80 82 94 99 
1504 2 38 48 59 81 98 
1505 2 38 48 59 21 81 98 91 93 
1506 2 38 48 59 21 16 81 82 98 91 93 
1507 2 38 48 59 21 16 81 82 84 98 91 93 
1508 32 43 56 93 
1509 32 43 56 16 93 91 
1510 32 43 56 16 84 93 91 
1511 40 57 77 81 87 
1512 40 57 77 16 81 87 91 92 93 97 
1513 40 57 77 16 81 84 87 91 92 93 97 
1514 5 54 63 80 94 99 
1515 19 32 73 82 96 99 
1516 1 47 61 80 88 
1517 1 47 61 14 80 88 93 
1518 1 47 61 14 16 80 88 93 91 
1519 1 47 61 14 16 80 84 88 93 91 
1520 17 25 26 70 81 88 
1521 17 25 26 70 14 81 85 88 
1522 17 25 26 70 14 0 81 85 88 90 93 
1523 17 25 26 70 14 0 7 81 85 88 90 93 91 94 95 98 
1524 17 25 26 70 14 0 7 21 81 85 88 90 93 91 94 95 98 92 96 97 
1525 17 25 26 70 14 0 7 21 52 81 85 82 88 90 93 91 94 95 98 92 96 97 
1526 17 25 26 70 14 0 7 21 52 43 81 85 82 88 90 93 91 94 95 98 92 96 97 
1527 17 25 26 70 14 0 7 21 52 43 5 81 85 82 88 90 93 91 94 95 98 92 96 97 
1528 17 25 26 70 14 0 7 21 52 43 5 81 85 82 80 88 90 93 91 94 95 98 92 96 97 
1529 7 61 68 73 85 94 
1530 7 61 68 73 21 85 94 
1531 7 61 68 73 21 6 85 82 94 97 
1532 7 61 68 73 21 6 85 82 81 94 97 
1533 25 27 31 77 81 90 
1534 25 27 31 77 16 81 90 
1535 25 27 31 77 16 81 84 90 
1536 17 49 59 90 
1537 17 49 59 90 93 98 
1538 17 49 59 16 90 93 98 
1539 17 49 59 16 84 90 93 98 
1540 29 36 42 64 94 
1541 29 36 42 64 94 93 
1542 16 51 60 98 
1543 16 51 60 84 98 
1544 3 54 61 74 86 93 
1545 3 54 61 74 16 86 93 
1546 3 54 61 74 16 86 84 93 
1547 21 51 78 84 
1548 21 51 78 7 84 82 
1549 21 51 78 7 6 84 82 
1550 21 51 78 7 6 84 82 81 
1551 3 28 33 81 89 99 
1552 2 11 23 59 87 99 
1553 30 37 41 55 80 89 99 
1554 30 37 41 55 80 89 93 99 
1555 0 18 41 86 97 
1556 0 18 41 16 86 97 93 
1557 0 18 41 16 86 84 97 93 
1558 22 38 45 79 80 94 
1559 22 38 45 79 80 94 91 93 97 
1560 22 38 45 79 16 80 94 91 93 97 
1561 22 38 45 79 16 80 84 94 91 93 97 
1562 4 8 77 91 99 
1563 26 31 55 81 
1564 26 31 55 14 81 85 
1565 26 31 55 14 0 81 85 
1566 26 31 55 14 0 15 81 85 
1567 26 31 55 14 0 15 81 85 83 
1568 23 32 44 45 82 90 
1569 23 32 44 45 16 82 90 91 93 
1570 23 32 44 45 16 82 84 90 91 93 
1571 16 19 25 81 88 
1572 16 19 25 81 84 88 
1573 11 43 54 80 87 99 
1574 40 57 62 66 98 
1575 40 57 62 66 7 98 91 92 93 97 
1576 40 57 62 66 7 16 98 91 92 93 97 
1577 40 57 62 66 7 16 84 98 91 92 93 97 
1578 22 49 76 79 81 92 99 
1579 22 49 76 79 81 92 93 97 98 99 
1580 4 8 10 14 82 99 
1581 4 8 10 14 0 82 99 
1582 4 8 10 14 0 24 82 99 
1583 4 8 10 14 0 24 22 82 93 96 99 
1584 4 8 10 14 0 24 22 7 82 93 96 90 94 95 98 99 
1585 4 8 10 14 0 24 22 7 5 82 93 96 90 94 95 98 91 97 99 
1586 4 8 10 14 0 24 22 7 5 6 82 80 93 96 90 94 95 98 91 97 99 
1587 4 8 10 14 0 24 22 7 5 6 82 80 81 93 96 90 94 95 98 91 97 99 
1588 16 27 59 85 90 99 
1589 16 27 59 15 85 84 90 99 
1590 16 27 59 15 14 85 84 83 90 99 
1591 16 27 59 15 14 0 85 84 83 90 93 99 
1592 16 27 59 15 14 0 60 85 84 83 90 93 91 92 94 95 98 99 
1593 16 27 59 15 14 0 60 7 85 84 83 90 93 91 92 94 95 98 96 99 
1594 3 17 52 85 99 
1595 13 75 77 80 92 
1596 2 43 55 72 86 89 99 
1597 12 20 41 57 84 99 
1598 12 20 41 57 84 93 99 
1599 12 49 53 83 92 99 
1600 12 49 53 83 92 93 98 99 
1601 13 20 41 80 95 99 
1602 13 20 41 80 95 93 99 
1603 0 59 65 86 87 99 
1604 0 59 65 14 86 87 91 93 94 99 
1605 0 59 65 14 16 86 87 91 93 94 98 99 
1606 0 59 65 14 16 86 84 87 91 93 94 98 99 
1607 20 48 68 69 85 91 
1608 20 48 68 69 85 86 91 93 
1609 10 49 62 85 91 
1610 10 49 62 85 91 93 98 
1611 18 38 65 93 
1612 18 38 65 93 91 
1613 4 6 21 44 85 88 99 
1614 4 6 21 44 7 85 81 82 88 99 
1615 4 6 21 44 7 14 85 81 82 88 99 
1616 4 6 21 44 7 14 0 85 81 82 88 99 
1617 4 6 21 44 7 14 0 15 85 81 82 88 99 
1618 4 6 21 44 7 14 0 15 85 81 82 83 88 99 
1619 9 62 69 85 91 
1620 9 62 69 85 86 91 
1621 50 52 75 81 98 
1622 28 41 51 85 87 
1623 28 41 51 85 87 93 
1624 11 24 49 60 84 95 
1625 11 24 49 60 84 95 93 98 
1626 5 33 39 80 94 99 
1627 5 33 39 80 94 91 92 93 99 
1628 3 11 43 49 97 
1629 3 11 43 49 16 97 93 98 
1630 3 11 43 49 16 84 97 93 98 
1631 0 12 21 49 80 94 99 
1632 0 12 21 49 14 80 82 94 93 98 99 
1633 0 12 21 49 14 16 80 82 94 93 98 99 
1634 0 12 21 49 14 16 80 82 84 94 93 98 99 
1635 4 13 23 71 93 
1636 9 38 50 84 87 
1637 9 38 50 14 84 87 
1638 9 38 50 14 0 84 87 93 
1639 9 38 50 14 0 15 84 87 93 91 
1640 9 38 50 14 0 15 84 83 87 93 91 
1641 7 16 63 66 92 
1642 7 16 63 66 14 84 92 93 
1643 7 16 63 66 14 17 84 92 93 
1644 7 16 63 66 14 17 15 84 92 93 90 91 94 98 
1645 7 16 63 66 14 17 15 84 83 92 93 90 91 94 98 
1646 11 29 48 90 99 
1647 11 29 48 90 93 99 
1648 1 73 77 83 92 
1649 1 73 77 14 83 92 
1650 1 73 77 14 16 83 92 
1651 1 73 77 14 16 83 84 92 
1652 2 52 53 83 
1653 42 55 60 86 96 
1654 42 55 60 86 96 93 
1655 1 21 71 84 97 
1656 1 21 71 14 84 82 97 
1657 1 21 71 14 15 84 82 97 
1658 1 21 71 14 15 84 82 83 97 
1659 11 22 46 85 98 99 
1660 11 22 46 85 98 93 99 
1661 45 57 60 62 86 98 99 
1662 45 57 60 62 86 98 93 99 
1663 15 27 59 85 95 99 
1664 15 27 59 14 85 83 95 99 
1665 15 27 59 14 0 85 83 95 99 
1666 15 27 59 14 0 16 85 83 95 99 
1667 15 27 59 14 0 16 85 83 84 95 99 
1668 34 58 72 83 89 
1669 22 24 67 82 93 
1670 9 11 25 74 83 91 99 
1671 20 42 46 76 83 90 99 
1672 20 42 46 76 83 90 93 99 
1673 8 26 31 38 85 92 
1674 8 26 31 38 14 85 92 
1675 8 26 31 38 14 0 85 92 
1676 8 26 31 38 14 0 15 85 92 
1677 8 26 31 38 14 0 15 85 83 92 
1678 12 14 22 73 
1679 12 14 22 73 16 
1680 12 14 22 73 16 84 
1681 11 37 52 71 86 91 
1682 11 37 52 71 86 91 90 93 
1683 16 33 56 88 
1684 16 33 56 84 88 
1685 14 26 42 80 91 
1686 14 26 42 0 80 85 91 93 
1687 14 26 42 0 15 80 85 91 93 
1688 14 26 42 0 15 80 85 83 91 93 
1689 9 15 48 78 81 95 99 
1690 9 15 48 78 16 81 83 95 93 98 99 
1691 9 15 48 78 16 14 81 83 84 95 93 98 99 
1692 9 15 48 78 16 14 0 81 83 84 95 93 98 99 
1693 9 15 48 78 16 14 0 52 81 83 84 95 93 98 90 91 94 96 99 
1694 9 15 48 78 16 14 0 52 70 81 83 84 95 93 98 90 91 94 96 92 99 
1695 9 15 48 78 16 14 0 52 70 43 81 83 84 95 93 98 90 91 94 96 92 97 99 
1696 19 24 28 40 85 92 
1697 19 24 28 40 7 85 92 90 91 93 97 
1698 19 24 28 40 7 21 85 92 90 91 93 97 
1699 19 24 28 40 7 21 6 85 82 92 90 91 93 97 
1700 19 24 28 40 7 21 6 85 82 81 92 90 91 93 97 
1701 7 10 13 14 86 91 
1702 7 10 13 14 21 86 91 
1703 7 10 13 14 21 6 86 82 91 
1704 7 10 13 14 21 6 86 82 81 91 
1705 26 73 76 81 91 99 
1706 26 73 76 15 81 85 91 99 
1707 26 73 76 15 14 81 85 83 91 99 
1708 26 73 76 15 14 0 81 85 83 91 99 
1709 9 15 48 78 80 92 99 
1710 9 15 48 78 16 80 83 92 93 98 99 
1711 9 15 48 78 16 14 80 83 84 92 93 98 99 
1712 9 15 48 78 16 14 0 80 83 84 92 93 98 99 
1713 0 7 56 80 87 
1714 0 7 56 6 80 87 
1715 0 7 56 6 80 81 87 
1716 18 32 53 84 97 99 
1717 10 35 44 49 98 99 
1718 10 35 44 49 98 93 99 
1719 12 29 40 82 93 99 
1720 12 29 40 7 82 93 91 92 97 99 
1721 12 29 40 7 6 82 93 91 92 97 99 
1722 12 29 40 7 6 5 82 81 93 91 92 97 99 
1723 12 29 40 7 6 5 14 82 81 80 93 91 92 97 99 
1724 12 29 40 7 6 5 14 0 82 81 80 93 91 92 97 99 
1725 12 29 40 7 6 5 14 0 26 82 81 80 93 91 92 97 99 
1726 12 29 40 7 6 5 14 0 26 82 81 80 85 93 91 92 97 99 
1727 3 38 45 77 84 98 
1728 3 38 45 77 84 98 91 93 
1729 7 33 40 71 91 
1730 7 33 40 71 5 91 92 93 97 
1731 7 33 40 71 5 80 91 92 93 97 
1732 1 3 52 80 90 
1733 1 3 52 16 80 90 
1734 1 3 52 16 80 84 90 
1735 5 15 61 67 82 94 99 
1736 5 15 61 67 16 82 80 83 94 99 
1737 5 15 61 67 16 14 82 80 83 84 94 99 
1738 5 15 61 67 16 14 0 82 80 83 84 94 99 
1739 5 15 61 67 16 14 0 48 82 80 83 84 94 90 91 92 93 99 
1740 5 15 61 67 16 14 0 48 52 82 80 83 84 94 90 91 92 93 98 99 
1741 5 15 61 67 16 14 0 48 52 50 82 80 83 84 94 90 91 92 93 98 95 96 99 
1742 5 15 61 67 16 14 0 48 52 50 36 82 80 83 84 94 90 91 92 93 98 95 96 99 
1743 5 15 61 67 16 14 0 48 52 50 36 7 82 80 83 84 94 90 91 92 93 98 95 96 99 
1744 5 15 61 67 16 14 0 48 52 50 36 7 82 80 83 84 94 90 91 92 93 98 95 96 87 97 99 
1745 61 72 74 85 92 
1746 28 40 67 70 82 91 99 
1747 28 40 67 70 7 82 91 90 92 93 99 
1748 28 40 67 70 7 17 82 91 90 92 93 99 
1749 28 40 67 70 7 17 14 82 91 90 92 93 99 
1750 28 40 67 70 7 17 14 26 82 91 90 92 93 98 99 
1751 28 40 67 70 7 17 14 26 82 85 91 90 92 93 98 99 
1752 20 36 72 86 97 
1753 33 58 69 73 82 89 99 
1754 33 58 69 73 82 86 89 99 
1755 18 23 62 83 99 
1756 22 26 34 65 81 90 
1757 22 26 34 65 14 81 85 90 
1758 22 26 34 65 14 0 81 85 90 93 
1759 22 26 34 65 14 0 15 81 85 90 93 
1760 22 26 34 65 14 0 15 81 85 83 90 93 
1761 51 73 74 80 98 
1762 19 33 51 80 90 99 
1763 19 25 35 68 81 89 99 
1764 15 27 59 83 97 99 
1765 15 27 59 16 83 97 99 
1766 15 27 59 16 14 83 84 97 99 
1767 15 27 59 16 14 0 83 84 97 93 99 
1768 15 27 59 16 14 0 7 83 84 97 93 90 91 94 95 98 99 
1769 15 27 59 16 14 0 7 48 83 84 97 93 90 91 94 95 98 92 96 99 
1770 15 27 59 16 14 0 7 48 17 83 84 97 93 90 91 94 95 98 92 96 99 
1771 15 27 59 16 14 0 7 48 17 52 83 84 97 93 90 91 94 95 98 92 96 99 
1772 15 27 59 16 14 0 7 48 17 52 68 83 84 97 93 90 91 94 95 98 92 96 87 99 
1773 25 45 73 80 
1774 25 45 73 80 93 
1775 25 45 73 16 80 93 
1776 25 45 73 16 80 84 93 
1777 39 45 55 61 83 95 
1778 39 45 55 61 83 95 91 92 93 
1779 12 15 66 
1780 12 15 66 14 83 
1781 12 15 66 14 0 83 
1782 12 15 66 14 0 26 83 97 
1783 12 15 66 14 0 26 83 85 97 
1784 5 44 66 85 90 
1785 5 44 66 85 80 90 
1786 52 55 69 86 97 99 
1787 5 44 76 78 82 92 
1788 5 44 76 78 82 80 92 
1789 16 27 59 84 88 99 
1790 16 27 59 15 84 88 99 
1791 16 27 59 15 14 84 83 88 99 
1792 16 27 59 15 14 0 84 83 88 93 99 
1793 16 27 59 15 14 0 7 84 83 88 93 90 91 94 95 98 99 
1794 16 27 59 15 14 0 7 48 84 83 88 93 90 91 94 95 98 92 96 99 
1795 16 27 59 15 14 0 7 48 17 84 83 88 93 90 91 94 95 98 92 96 97 99 
1796 16 27 59 15 14 0 7 48 17 52 84 83 88 93 90 91 94 95 98 92 96 97 99 
1797 16 27 59 15 14 0 7 48 17 52 68 84 83 88 93 90 91 94 95 98 92 96 97 87 99 
1798 51 66 77 86 96 99 
1799 51 66 77 86 96 97 99 
1800 38 46 74 80 88 99 
1801 38 46 74 80 88 91 93 99 
1802 27 30 38 78 86 95 99 
1803 27 30 38 78 86 95 91 93 99 
1804 28 41 51 86 92 
1805 28 41 51 86 92 93 
1806 28 41 51 16 86 92 93 
1807 28 41 51 16 86 84 92 93 
1808 8 47 78 81 97 
1809 8 47 78 81 97 91 93 
1810 8 47 78 16 81 97 91 93 
1811 8 47 78 16 81 84 97 91 93 
1812 7 56 64 80 
1813 7 56 64 6 80 96 
1814 7 56 64 6 80 81 96 
1815 7 13 22 75 82 94 
1816 7 13 22 75 21 82 94 
1817 7 13 22 75 21 6 82 94 
1818 7 13 22 75 21 6 82 81 94 
1819 23 24 66 81 94 
1820 22 26 34 65 86 87 
1821 22 26 34 65 14 86 85 87 
1822 22 26 34 65 14 0 86 85 87 93 
1823 22 26 34 65 14 0 15 86 85 87 93 
1824 22 26 34 65 14 0 15 86 85 83 87 93 
1825 33 46 60 86 90 
1826 33 46 60 16 86 90 91 93 
1827 33 46 60 16 86 84 90 91 93 
1828 22 54 68 85 98 
1829 11 51 54 85 89 99 
1830 11 51 54 85 89 98 99 
1831 36 46 67 96 
1832 36 46 67 96 91 93 
1833 36 46 67 16 96 91 93 
1834 36 46 67 16 84 96 91 93 
1835 6 18 27 65 83 95 99 
1836 6 18 27 65 83 81 95 99 
1837 11 37 52 71 85 89 
1838 11 37 52 71 85 89 90 91 93 
1839 9 23 49 80 92 99 
1840 9 23 49 80 92 91 93 95 98 99 
1841 4 33 64 81 90 99 
1842 28 56 57 71 86 88 99 
1843 9 15 48 78 84 97 99 
1844 9 15 48 78 14 84 83 97 93 98 99 
1845 9 15 48 78 14 0 84 83 97 93 98 99 
1846 9 15 48 78 14 0 16 84 83 97 93 98 99 
1847 9 15 48 78 14 0 16 50 84 83 97 93 98 90 91 92 94 99 
1848 11 19 21 57 94 99 
1849 11 19 21 57 82 94 99 
1850 12 20 60 80 97 
1851 12 20 60 16 80 97 
1852 12 20 60 16 80 84 97 
1853 29 33 72 86 88 
1854 3 16 73 83 95 
1855 3 16 73 83 84 95 
1856 0 2 58 63 96 
1857 0 2 58 63 14 96 93 
1858 0 2 58 63 14 26 96 93 
1859 0 2 58 63 14 26 85 96 93 
1860 0 2 72 84 88 
1861 0 2 72 14 84 88 
1862 0 2 72 14 16 84 88 
1863 0 2 72 14 16 15 84 88 
1864 0 2 72 14 16 15 84 83 88 
1865 6 47 67 85 87 99 
1866 6 47 67 85 81 87 93 99 
1867 33 51 78 82 89 99 
1868 48 55 70 81 
1869 48 55 70 16 81 93 98 
1870 48 55 70 16 15 81 84 93 98 
1871 48 55 70 16 15 81 84 83 93 98 
1872 5 6 64 86 98 
1873 5 6 64 86 80 81 98 
1874 17 46 59 80 95 99 
1875 17 46 59 80 95 93 99 
1876 45 61 70 76 86 93 
1877 16 24 37 56 84 92 99 
1878 16 24 37 56 15 84 92 99 
1879 16 24 37 56 15 84 83 92 99 
1880 27 52 56 70 82 95 
1881 27 52 56 70 16 82 95 
1882 27 52 56 70 16 82 84 95 
1883 50 51 66 82 92 99 
1884 50 51 66 82 92 98 99 
1885 19 25 35 68 83 89 99 
1886 8 30 45 57 91 99 
1887 8 30 45 57 91 93 99 
1888 22 54 68 83 92 
1889 10 17 27 75 81 95 
1890 10 17 27 75 16 81 95 
1891 10 17 27 75 16 81 84 95 
1892 12 30 59 85 91 
1893 16 24 47 50 86 92 99 
1894 16 24 47 50 15 86 84 92 91 93 99 
1895 16 24 47 50 15 86 84 83 92 91 93 99 
1896 26 34 75 85 91 
1897 26 34 75 14 85 91 
1898 26 34 75 14 0 85 91 
1899 26 34 75 14 0 15 85 91 
1900 26 34 75 14 0 15 85 83 91 
1901 6 10 30 85 94 
1902 6 10 30 85 81 94 
1903 9 40 67 86 93 99 
1904 9 40 67 86 93 91 92 99 
1905 13 19 27 68 80 88 99 
1906 18 29 68 69 86 96 
1907 10 22 51 68 89 
1908 6 25 30 55 80 91 99 
1909 6 25 30 55 80 81 91 99 
1910 42 43 70 81 97 
1911 42 43 70 16 81 97 
1912 42 43 70 16 81 84 97 
1913 13 39 42 57 82 94 
1914 13 39 42 57 82 94 92 93 
1915 11 53 57 62 85 89 
1916 5 6 64 81 87 
1917 5 6 64 7 81 80 87 
1918 5 6 64 7 21 81 80 87 91 92 93 96 97 
1919 5 6 64 7 21 81 80 82 87 91 92 93 96 97 
1920 28 36 63 72 82 91 
1921 3 5 46 70 82 88 
1922 3 5 46 70 82 80 88 93 
1923 28 33 37 78 83 91 99 
1924 28 33 37 78 83 91 90 93 99 
1925 16 73 76 86 98 
1926 16 73 76 86 84 98 
1927 5 29 53 66 84 90 99 
1928 5 29 53 66 84 80 90 99 
1929 15 38 65 73 84 97 
1930 15 38 65 73 14 84 83 97 91 93 
1931 15 38 65 73 14 0 84 83 97 91 93 
1932 15 38 65 73 14 0 16 84 83 97 91 93 
1933 32 54 66 73 83 87 99 
1934 30 68 78 84 96 99 
1935 5 22 51 54 80 92 99 
1936 5 22 51 54 80 92 98 99 
1937 37 63 70 80 88 99 
1938 17 52 56 80 87 99 
1939 29 37 69 81 95 99 
1940 29 37 69 81 86 95 99 
1941 30 31 36 40 83 95 
1942 30 31 36 40 7 83 95 92 97 
1943 30 31 36 40 7 16 83 95 92 97 
1944 30 31 36 40 7 16 83 84 95 92 97 
1945 10 54 74 86 88 
1946 0 34 47 54 85 91 
1947 0 34 47 54 14 85 91 93 
1948 0 34 47 54 14 16 85 91 93 
1949 0 34 47 54 14 16 85 84 91 93 
1950 17 40 56 69 84 
1951 17 40 56 69 7 84 86 91 92 93 97 
1952 17 40 56 69 7 14 84 86 91 92 93 97 90 
1953 17 40 56 69 7 14 16 84 86 91 92 93 97 90 94 98 
1954 62 64 75 80 89 
1955 62 64 75 80 89 87 90 91 92 93 94 95 96 97 98 
1956 15 16 49 53 86 92 
1957 15 16 49 53 14 86 83 84 92 93 95 98 
1958 15 16 49 53 14 0 86 83 84 92 93 95 98 
1959 15 16 49 53 14 0 41 86 83 84 92 93 95 98 90 91 94 97 
1960 15 16 49 53 14 0 41 32 86 83 84 92 93 95 98 90 91 94 97 
1961 15 16 49 53 14 0 41 32 21 86 83 84 92 93 95 98 90 91 94 97 
1962 15 16 49 53 14 0 41 32 21 86 83 84 82 92 93 95 98 90 91 94 97 
1963 13 17 42 49 80 93 
1964 13 17 42 49 16 80 93 98 
1965 13 17 42 49 16 80 84 93 98 
1966 37 67 72 84 90 99 
1967 12 49 76 90 
1968 12 49 76 90 93 98 
1969 12 49 76 16 90 93 98 
1970 12 49 76 16 84 90 93 98 
1971 27 60 74 95 99 
1972 7 29 48 60 80 91 99 
1973 7 29 48 60 21 80 91 93 99 
1974 7 29 48 60 21 6 80 82 91 93 99 
1975 7 29 48 60 21 6 80 82 81 91 93 99 
1976 0 9 17 96 99 
1977 0 9 17 14 96 99 
1978 0 9 17 14 16 96 99 
1979 0 9 17 14 16 84 96 99 
1980 1 24 59 70 80 93 
1981 1 24 59 70 14 80 93 
1982 1 24 59 70 14 26 80 93 98 
1983 1 24 59 70 14 26 80 85 93 98 
1984 57 60 76 78 82 98 
1985 57 60 76 78 82 98 93 
1986 33 48 63 81 97 99 
1987 33 48 63 81 97 93 99 
1988 10 36 63 84 87 
1989 10 36 63 14 84 87 
1990 10 36 63 14 0 84 87 
1991 10 36 63 14 0 16 84 87 
1992 10 36 63 14 0 16 15 84 87 
1993 10 36 63 14 0 16 15 84 83 87 
1994 16 30 65 74 81 96 
1995 16 30 65 74 81 84 96 
1996 4 17 41 77 84 97 
1997 4 17 41 77 14 84 97 93 
1998 4 17 41 77 14 16 84 97 93 
1999 4 17 41 77 14 16 15 84 97 93 90 
2000 4 17 41 77 14 16 15 84 83 97 93 90 
2001 11 41 63 82 95 
2002 11 41 63 82 95 93 
2003 11 41 63 16 82 95 93 
2004 11 41 63 16 82 84 95 93 
2005 11 51 54 81 95 99 
2006 11 51 54 81 95 98 99 
2007 4 6 21 44 82 96 99 
2008 4 6 21 44 7 82 81 96 99 
2009 4 6 21 44 7 14 82 81 96 99 
2010 4 6 21 44 7 14 0 82 81 96 99 
2011 4 6 21 44 7 14 0 26 82 81 96 99 
2012 4 6 21 44 7 14 0 26 82 81 85 96 99 
2013 6 41 65 80 91 
2014 6 41 65 80 81 91 93 
2015 6 41 65 16 80 81 91 93 
2016 6 41 65 16 80 81 84 91 93 
2017 10 15 37 40 82 96 99 
2018 10 15 37 40 16 82 83 96 92 97 99 
2019 10 15 37 40 16 14 82 83 84 96 92 97 99 
2020 10 15 37 40 16 14 0 82 83 84 96 92 97 99 
2021 10 15 37 40 16 14 0 17 82 83 84 96 92 97 91 93 94 95 98 99 
2022 20 78 79 86 94 
2023 20 78 79 86 94 97 
2024 6 38 55 59 94 
2025 6 38 55 59 81 94 91 93 
2026 6 38 55 59 16 81 94 91 93 
2027 6 38 55 59 16 81 84 94 91 93 
2028 2 39 51 60 91 99 
2029 2 39 51 60 91 92 93 99 
2030 21 45 52 95 
2031 21 45 52 16 82 95 91 93 
2032 21 45 52 16 82 84 95 91 93 
2033 19 32 73 80 93 99 
2034 14 26 42 81 87 
2035 14 26 42 0 81 85 87 93 
2036 14 26 42 0 15 81 85 87 93 
2037 14 26 42 0 15 81 85 83 87 93 
2038 13 39 42 57 86 89 
2039 13 39 42 57 86 89 92 93 
2040 31 42 55 84 95 99 
2041 31 42 55 84 95 93 99 
2042 29 44 46 86 96 
2043 29 44 46 16 86 96 93 
2044 29 44 46 16 86 84 96 93 
2045 3 23 26 62 80 93 99 
2046 3 23 26 62 15 80 85 93 99 
2047 3 23 26 62 15 14 80 85 83 93 99 
2048 3 23 26 62 15 14 0 80 85 83 93 99 
2049 3 23 26 62 15 14 0 7 80 85 83 93 99 
2050 3 23 26 62 15 14 0 7 17 80 85 83 93 90 91 94 95 97 98 99 
2051 3 23 26 62 15 14 0 7 17 12 80 85 83 93 90 91 94 95 97 98 92 99 
2052 3 23 26 62 15 14 0 7 17 12 46 80 85 83 93 90 91 94 95 97 98 92 99 
2053 17 38 44 51 84 91 99 
2054 13 25 67 71 84 91 
2055 13 25 67 71 27 84 91 
2056 13 25 67 71 27 16 84 91 
2057 13 25 67 71 27 16 2 84 91 90 93 
2058 13 25 67 71 27 16 2 7 84 91 90 93 
2059 13 25 67 71 27 16 2 7 60 84 91 90 93 87 92 94 95 98 
2060 13 25 67 71 27 16 2 7 60 44 84 91 90 93 87 92 94 95 98 96 
2061 7 9 41 71 84 87 
2062 7 9 41 71 21 84 87 93 
2063 7 9 41 71 21 6 84 82 87 93 
2064 7 9 41 71 21 6 84 82 81 87 93 
2065 7 18 39 81 98 99 
2066 7 18 39 21 81 98 92 99 
2067 7 18 39 21 6 81 82 98 92 99 
2068 7 18 39 21 6 14 81 82 98 92 99 
2069 7 18 39 21 6 14 0 81 82 98 92 91 93 99 
2070 7 18 39 21 6 14 0 26 81 82 98 92 91 93 99 
2071 7 18 39 21 6 14 0 26 81 82 85 98 92 91 93 99 
2072 3 8 35 83 87 
2073 18 27 59 79 84 94 99 
2074 18 27 59 79 84 94 97 99 
2075 14 63 75 76 82 88 
2076 14 63 75 76 0 82 88 
2077 14 63 75 76 0 16 82 88 
2078 14 63 75 76 0 16 82 84 88 
2079 13 75 77 81 90 
2080 13 75 77 16 81 90 
2081 13 75 77 16 81 84 90 
2082 24 65 77 79 82 98 99 
2083 24 65 77 79 82 98 97 99 
2084 2 8 12 31 82 93 
2085 2 8 12 31 16 82 93 
2086 2 8 12 31 16 82 84 93 
2087 15 73 76 81 89 99 
2088 15 73 76 16 81 83 89 99 
2089 15 73 76 16 14 81 83 84 89 99 
2090 15 73 76 16 14 0 81 83 84 89 99 
2091 16 57 72 79 86 95 
2092 16 57 72 79 14 86 84 95 97 
2093 16 57 72 79 14 0 86 84 95 97 
2094 16 57 72 79 14 0 15 86 84 95 97 
2095 16 57 72 79 14 0 15 86 84 83 95 97 
2096 4 26 37 67 86 95 
2097 4 26 37 67 14 86 85 95 
2098 4 26 37 67 14 0 86 85 95 
2099 4 26 37 67 14 0 15 86 85 95 
2100 4 26 37 67 14 0 15 86 85 83 95 
2101 9 54 64 84 98 
2102 33 50 61 79 82 89 99 
2103 33 50 61 79 82 89 97 99 
2104 3 47 71 85 96 99 
2105 3 47 71 85 96 93 99 
2106 6 66 71 80 88 
2107 6 66 71 7 80 81 88 
2108 6 66 71 7 21 80 81 88 93 
2109 6 66 71 7 21 80 81 82 88 93 
2110 31 42 60 96 99 
2111 31 42 60 96 93 99 
2112 5 6 53 81 87 99 
2113 5 6 53 7 81 80 87 99 
2114 5 6 53 7 21 81 80 87 91 92 93 94 97 98 99 
2115 5 6 53 7 21 81 80 82 87 91 92 93 94 97 98 99 
2116 0 34 47 54 81 87 
2117 0 34 47 54 14 81 87 91 93 
2118 0 34 47 54 14 26 81 87 91 93 
2119 0 34 47 54 14 26 81 85 87 91 93 
2120 24 32 53 65 83 91 99 
2121 6 30 54 73 99 
2122 6 30 54 73 21 81 99 
2123 6 30 54 73 21 7 81 82 98 99 
2124 6 30 54 73 21 7 14 81 82 98 99 
2125 6 30 54 73 21 7 14 0 81 82 98 99 
2126 6 30 54 73 21 7 14 0 26 81 82 98 93 99 
2127 6 30 54 73 21 7 14 0 26 81 82 85 98 93 99 
2128 21 62 71 77 81 94 99 
2129 21 62 71 77 7 81 82 94 99 
2130 21 62 71 77 7 6 81 82 94 99 
2131 21 62 71 77 7 6 14 81 82 94 99 
2132 21 62 71 77 7 6 14 0 81 82 94 99 
2133 21 62 71 77 7 6 14 0 24 81 82 94 93 99 
2134 21 62 71 77 7 6 14 0 24 26 81 82 94 93 91 96 98 99 
2135 21 62 71 77 7 6 14 0 24 26 81 82 85 94 93 91 96 98 99 
2136 39 44 66 69 82 98 99 
2137 39 44 66 69 82 86 98 92 97 99 
2138 40 56 66 84 97 
2139 40 56 66 7 84 97 91 92 93 
2140 40 56 66 7 5 84 97 91 92 93 
2141 40 56 66 7 5 84 80 97 91 92 93 
2142 0 17 23 83 87 
2143 0 17 23 14 83 87 
2144 0 17 23 14 26 83 87 
2145 0 17 23 14 26 83 85 87 
2146 18 45 61 62 84 99 
2147 18 45 61 62 84 93 99 
2148 14 18 31 74 83 91 99 
2149 14 18 31 74 0 83 91 99 
2150 14 18 31 74 0 26 83 91 99 
2151 14 18 31 74 0 26 83 85 91 99 
2152 41 54 63 82 91 
2153 41 54 63 82 91 93 
2154 41 54 63 16 82 91 93 
2155 41 54 63 16 82 84 91 93 
2156 48 49 52 94 
2157 48 49 52 94 91 93 98 
2158 26 41 71 74 83 88 
2159 26 41 71 74 14 83 85 88 93 
2160 26 41 71 74 14 0 83 85 88 93 
2161 26 41 71 74 14 0 15 83 85 88 93 
2162 26 41 71 74 14 0 15 48 83 85 88 93 90 91 92 94 95 96 98 
2163 26 41 71 74 14 0 15 48 60 83 85 88 93 90 91 92 94 95 96 98 
2164 26 41 71 74 14 0 15 48 60 83 85 88 93 90 91 92 94 95 96 98 87 97 
2165 26 41 71 74 14 0 15 48 60 52 83 85 88 93 90 91 92 94 95 96 98 87 97 
2166 26 41 71 74 14 0 15 48 60 52 50 83 85 88 93 90 91 92 94 95 96 98 87 97 
2167 3 8 18 67 81 90 
2168 3 8 18 67 16 81 90 
2169 3 8 18 67 16 81 84 90 
2170 16 57 65 86 92 99 
2171 16 57 65 15 86 84 92 93 99 
2172 16 57 65 15 14 86 84 83 92 93 99 
2173 16 57 65 15 14 0 86 84 83 92 93 99 
2174 16 57 65 15 14 0 59 86 84 83 92 93 90 91 94 95 97 98 99 
2175 16 57 65 15 14 0 59 2 86 84 83 92 93 90 91 94 95 97 98 96 99 
2176 16 57 65 15 14 0 59 2 21 86 84 83 92 93 90 91 94 95 97 98 96 99 
2177 16 57 65 15 14 0 59 2 21 32 86 84 83 82 92 93 90 91 94 95 97 98 96 99 
2178 16 57 65 15 14 0 59 2 21 32 7 86 84 83 82 92 93 90 91 94 95 97 98 96 99 
2179 12 19 42 58 
2180 12 19 42 58 93 
2181 53 61 78 81 97 99 
2182 22 29 45 58 82 99 
2183 22 29 45 58 82 93 99 
2184 26 34 75 85 89 
2185 26 34 75 14 85 89 
2186 26 34 75 14 0 85 89 
2187 26 34 75 14 0 15 85 89 
2188 26 34 75 14 0 15 85 83 89 
2189 39 55 63 84 96 
2190 39 55 63 14 84 96 91 92 93 
2191 39 55 63 14 0 84 96 91 92 93 
2192 39 55 63 14 0 16 84 96 91 92 93 
2193 39 55 63 14 0 16 15 84 96 91 92 93 
2194 39 55 63 14 0 16 15 84 83 96 91 92 93 
2195 20 23 38 42 82 98 99 
2196 20 23 38 42 82 98 93 99 
2197 6 8 34 76 82 93 
2198 6 8 34 76 82 81 93 
2199 15 52 60 86 95 
2200 15 52 60 14 86 83 95 
2201 15 52 60 14 0 86 83 95 
2202 15 52 60 14 0 26 86 83 95 
2203 15 52 60 14 0 26 86 83 85 95 
2204 21 28 66 80 99 
2205 21 28 66 80 82 99 
2206 11 55 60 86 94 
2207 33 51 78 86 90 99 
2208 7 18 26 55 86 
2209 7 18 26 55 15 86 85 
2210 7 18 26 55 15 86 85 83 
2211 2 20 40 62 83 89 
2212 2 20 40 62 83 89 91 92 97 
2213 2 20 40 62 16 83 89 91 92 97 
2214 2 20 40 62 16 83 84 89 91 92 97 
2215 28 42 61 69 86 90 
2216 28 42 61 69 86 90 93 
2217 28 42 61 69 16 86 90 93 
2218 28 42 61 69 16 86 84 90 93 
2219 37 63 70 82 90 99 
2220 22 41 69 84 92 99 
2221 22 41 69 84 86 92 93 99 
2222 15 33 48 85 87 99 
2223 15 33 48 14 85 83 87 93 99 
2224 15 33 48 14 0 85 83 87 93 99 
2225 15 33 48 14 0 16 85 83 87 93 98 99 
2226 15 33 48 14 0 16 85 83 84 87 93 98 99 
2227 17 22 52 84 89 
2228 17 22 52 14 84 89 
2229 17 22 52 14 16 84 89 
2230 17 22 52 14 16 15 84 89 93 
2231 17 22 52 14 16 15 84 83 89 93 
2232 6 33 39 60 84 95 
2233 6 33 39 60 84 81 95 91 92 93 
2234 50 64 79 82 90 
2235 50 64 79 82 90 97 
2236 35 37 61 69 86 90 
2237 40 67 73 86 88 99 
2238 40 67 73 7 86 88 91 92 93 99 
2239 40 67 73 7 17 86 88 91 92 93 99 
2240 40 67 73 7 17 14 86 88 91 92 93 90 99 
2241 40 67 73 7 17 14 26 86 88 91 92 93 90 98 99 
2242 40 67 73 7 17 14 26 86 85 88 91 92 93 90 98 99 
2243 2 28 37 83 92 99 
2244 53 69 71 84 96 
2245 53 69 71 84 86 96 
2246 2 66 67 78 87 99 
2247 7 10 13 14 84 89 
2248 7 10 13 14 15 84 89 
2249 7 10 13 14 15 84 83 89 
2250 10 17 64 86 89 99 
2251 2 19 26 83 99 
2252 2 19 26 14 83 85 99 
2253 2 19 26 14 0 83 85 99 
2254 2 19 26 14 0 15 83 85 99 
2255 2 19 26 14 0 15 43 83 85 90 91 92 93 94 95 98 99 
2256 2 19 26 14 0 15 43 59 83 85 90 91 92 93 94 95 98 87 96 97 99 
2257 2 19 26 14 0 15 43 59 47 83 85 90 91 92 93 94 95 98 87 96 97 99 
2258 2 19 26 14 0 15 43 59 47 52 83 85 90 91 92 93 94 95 98 87 96 97 99 
2259 2 19 26 14 0 15 43 59 47 52 40 83 85 90 91 92 93 94 95 98 87 96 97 99 
2260 2 19 26 14 0 15 43 59 47 52 40 33 83 85 90 91 92 93 94 95 98 87 96 97 99 
2261 2 19 26 14 0 15 43 59 47 52 40 33 63 83 85 90 91 92 93 94 95 98 87 96 97 99 
2262 19 46 53 74 86 91 
2263 19 46 53 74 16 86 91 93 
2264 19 46 53 74 16 86 84 91 93 
2265 19 51 68 77 83 93 99 
2266 37 63 70 83 87 99 
2267 8 56 75 86 88 99 
2268 27 40 58 66 80 97 
2269 27 40 58 66 7 80 97 91 92 93 
2270 27 40 58 66 7 16 80 97 91 92 93 90 
2271 27 40 58 66 7 16 80 84 97 91 92 93 90 
2272 52 58 60 76 80 90 99 
2273 39 41 57 80 87 
2274 39 41 57 80 87 92 93 
2275 27 62 69 73 82 87 99 
2276 27 62 69 73 82 86 87 99 
2277 7 50 70 82 95 
2278 7 50 70 21 82 95 
2279 7 50 70 21 6 82 95 
2280 7 50 70 21 6 82 81 95 
2281 6 31 40 77 85 96 99 
2282 6 31 40 77 7 85 81 96 91 92 93 97 99 
2283 6 31 40 77 7 21 85 81 96 91 92 93 97 99 
2284 6 31 40 77 7 21 85 81 82 96 91 92 93 97 99 
2285 0 2 32 77 82 89 
2286 0 2 32 77 16 82 89 
2287 0 2 32 77 16 82 84 89 
2288 29 36 54 72 81 96 99 
2289 29 36 54 72 81 96 98 99 
2290 28 42 76 85 90 
2291 28 42 76 85 90 93 
2292 8 50 61 82 98 99 
2293 53 63 72 81 89 99 
2294 7 12 59 83 99 
2295 7 12 59 21 83 93 99 
2296 7 12 59 21 6 83 82 93 99 
2297 7 12 59 21 6 83 82 81 93 99 
2298 12 23 34 36 84 91 99 
2299 13 50 53 80 99 
2300 1 11 14 40 
2301 1 11 14 40 26 91 92 93 97 
2302 1 11 14 40 26 85 91 92 93 97 
2303 14 46 53 67 84 90 99 
2304 14 46 53 67 0 84 90 93 99 
2305 14 46 53 67 0 15 84 90 93 99 
2306 14 46 53 67 0 15 84 83 90 93 99 
2307 3 8 15 55 
2308 3 8 15 55 14 83 
2309 3 8 15 55 14 0 83 
2310 3 8 15 55 14 0 26 83 
2311 3 8 15 55 14 0 26 83 85 
2312 7 9 20 64 86 92 
2313 7 9 20 64 21 86 92 96 
2314 7 9 20 64 21 6 86 82 92 96 
2315 7 9 20 64 21 6 86 82 81 92 96 
2316 20 44 77 83 93 
2317 20 44 77 16 83 93 
2318 20 44 77 16 83 84 93 
2319 33 36 38 79 83 95 99 
2320 33 36 38 79 83 95 91 93 97 99 
2321 15 56 75 92 
2322 15 56 75 14 83 92 
2323 15 56 75 14 0 83 92 
2324 15 56 75 14 0 16 83 92 
2325 15 56 75 14 0 16 83 84 92 
2326 1 46 49 50 83 97 
2327 1 46 49 50 14 83 97 93 98 
2328 1 46 49 50 14 16 83 97 93 98 
2329 1 46 49 50 14 16 83 84 97 93 98 
2330 0 49 50 67 86 98 
2331 0 49 50 67 14 86 98 93 
2332 0 49 50 67 14 15 86 98 93 
2333 0 49 50 67 14 15 86 83 98 93 
2334 16 27 52 73 83 96 
2335 16 27 52 73 83 84 96 
2336 9 40 59 67 82 88 99 
2337 9 40 59 67 82 88 91 92 93 99 
2338 45 57 60 62 83 91 99 
2339 45 57 60 62 83 91 93 99 
2340 26 43 53 74 80 96 99 
2341 26 43 53 74 15 80 85 96 99 
2342 26 43 53 74 15 14 80 85 83 96 99 
2343 26 43 53 74 15 14 0 80 85 83 96 99 
2344 26 43 53 74 15 14 0 12 80 85 83 96 90 91 93 94 95 98 99 
2345 26 43 53 74 15 14 0 12 52 80 85 83 96 90 91 93 94 95 98 92 97 99 
2346 26 43 53 74 15 14 0 12 52 23 80 85 83 96 90 91 93 94 95 98 92 97 99 
2347 26 43 53 74 15 14 0 12 52 23 40 80 85 83 96 90 91 93 94 95 98 92 97 99 
2348 26 43 53 74 15 14 0 12 52 23 40 67 80 85 83 96 90 91 93 94 95 98 92 97 99 
2349 58 71 74 77 80 98 
2350 58 71 74 77 80 98 91 93 94 
2351 18 29 31 82 96 99 
2352 9 48 53 92 
2353 9 48 53 92 93 98 
2354 10 17 64 84 98 99 
2355 10 17 64 14 84 98 99 
2356 10 17 64 14 15 84 98 93 96 99 
2357 10 17 64 14 15 16 84 83 98 93 96 99 
2358 10 17 64 14 15 16 0 84 83 98 93 96 90 91 99 
2359 10 17 64 14 15 16 0 32 84 83 98 93 96 90 91 92 94 95 97 99 
2360 10 17 64 14 15 16 0 32 52 84 83 98 93 96 90 91 92 94 95 97 99 
2361 10 28 34 42 80 98 99 
2362 10 28 34 42 80 98 93 99 
2363 11 53 57 62 85 98 
2364 0 58 63 79 80 87 99 
2365 0 58 63 79 14 80 87 97 99 
2366 0 58 63 79 14 16 80 87 97 93 99 
2367 0 58 63 79 14 16 80 84 87 97 93 99 
2368 34 62 63 71 81 99 
2369 40 52 56 76 84 94 
2370 40 52 56 76 7 84 94 90 91 92 93 97 
2371 40 52 56 76 7 5 84 94 90 91 92 93 97 
2372 40 52 56 76 7 5 84 80 94 90 91 92 93 97 
2373 1 46 49 50 82 96 
2374 1 46 49 50 14 82 96 93 98 
2375 1 46 49 50 14 15 82 96 93 98 
2376 1 46 49 50 14 15 82 83 96 93 98 
2377 10 17 27 75 85 92 
2378 3 13 24 29 83 91 
2379 5 30 46 83 89 99 
2380 5 30 46 83 80 89 93 99 
2381 1 9 34 61 86 96 
2382 1 9 34 61 14 86 96 
2383 1 9 34 61 14 15 86 96 
2384 1 9 34 61 14 15 16 86 83 96 
2385 1 9 34 61 14 15 16 86 83 84 96 
2386 2 32 56 80 98 99 
2387 51 66 77 83 88 99 
2388 19 33 51 80 98 99 
2389 3 14 46 72 83 91 
2390 3 14 46 72 16 83 91 93 
2391 3 14 46 72 16 83 84 91 93 
2392 31 37 56 75 86 
2393 19 21 57 68 84 91 99 
2394 19 21 57 68 84 82 91 99 
2395 24 49 63 82 94 99 
2396 24 49 63 82 94 93 98 99 
2397 18 63 66 81 93 
2398 18 63 66 16 81 93 
2399 18 63 66 16 81 84 93 
2400 42 44 67 74 81 92 
2401 9 19 58 93 
2402 15 56 64 83 98 
2403 15 56 64 16 83 98 
2404 15 56 64 16 83 84 98 
2405 28 36 63 72 85 94 
2406 10 22 35 63 81 92 
2407 1 25 36 69 80 88 99 
2408 1 25 36 69 14 80 86 88 99 
2409 1 25 36 69 14 26 80 86 88 99 
2410 1 25 36 69 14 26 80 86 85 88 99 
2411 11 30 48 53 80 89 99 
2412 11 30 48 53 80 89 93 98 99 
2413 64 65 79 80 87 
2414 64 65 79 80 87 93 96 97 
2415 64 65 79 16 80 87 93 96 97 
2416 64 65 79 16 80 84 87 93 96 97 
2417 8 30 43 61 83 94 99 
2418 0 7 56 86 89 
2419 0 7 56 21 86 89 
2420 0 7 56 21 6 86 82 89 
2421 0 7 56 21 6 86 82 81 89 
2422 3 11 52 84 89 99 
2423 3 5 30 85 91 
2424 3 5 30 85 80 91 
2425 31 32 73 75 86 98 99 
2426 1 5 45 58 85 96 99 
2427 1 5 45 58 14 85 80 96 93 99 
2428 1 5 45 58 14 15 85 80 96 93 99 
2429 1 5 45 58 14 15 85 80 83 96 93 99 
2430 37 42 50 81 90 
2431 37 42 50 81 90 93 
2432 13 35 72 81 96 
2433 0 28 39 63 85 98 
2434 0 28 39 63 14 85 98 90 91 92 93 
2435 0 28 39 63 14 16 85 98 90 91 92 93 
2436 0 28 39 63 14 16 85 84 98 90 91 92 93 
2437 0 36 64 85 98 99 
2438 0 36 64 14 85 98 99 
2439 0 36 64 14 15 85 98 93 96 99 
2440 0 36 64 14 15 85 83 98 93 96 99 
2441 21 28 37 60 81 98 
2442 21 28 37 60 7 81 82 98 90 
2443 21 28 37 60 7 6 81 82 98 90 93 
2444 21 28 37 60 7 6 14 81 82 98 90 93 
2445 21 28 37 60 7 6 14 0 81 82 98 90 93 
2446 1 43 46 49 80 90 99 
2447 1 43 46 49 14 80 90 98 99 
2448 1 43 46 49 14 16 80 90 98 93 99 
2449 1 43 46 49 14 16 80 84 90 98 93 99 
2450 0 4 43 72 93 
2451 0 4 43 72 16 93 
2452 0 4 43 72 16 84 93 
2453 48 54 62 70 84 92 99 
2454 48 54 62 70 84 92 93 98 99 
2455 9 27 69 72 85 97 99 
2456 9 27 69 72 85 86 97 99 
2457 0 27 70 83 95 
2458 0 27 70 16 83 95 
2459 0 27 70 16 83 84 95 
2460 6 11 40 48 83 95 99 
2461 6 11 40 48 7 83 81 95 91 92 93 97 98 99 
2462 6 11 40 48 7 21 83 81 95 91 92 93 97 98 99 
2463 6 11 40 48 7 21 83 81 82 95 91 92 93 97 98 99 
2464 10 47 69 70 84 87 
2465 10 47 69 70 84 86 87 91 93 
2466 45 58 77 88 
2467 45 58 77 88 93 
2468 9 11 39 77 91 
2469 9 11 39 77 91 92 93 
2470 3 60 73 89 
2471 17 25 26 70 84 91 
2472 17 25 26 70 14 84 85 91 
2473 17 25 26 70 14 0 84 85 91 90 93 
2474 17 25 26 70 14 0 84 85 91 90 93 92 94 95 96 98 
2475 17 25 26 70 14 0 7 84 85 91 90 93 92 94 95 96 98 
2476 17 25 26 70 14 0 7 32 84 85 91 90 93 92 94 95 96 98 97 
2477 17 25 26 70 14 0 7 32 60 84 85 91 90 93 92 94 95 96 98 97 
2478 17 25 26 70 14 0 7 32 60 42 84 85 91 90 93 92 94 95 96 98 97 
2479 17 25 26 70 14 0 7 32 60 42 84 85 91 90 93 92 94 95 96 98 97 87 
2480 18 24 30 84 92 
2481 22 26 34 65 80 93 
2482 22 26 34 65 14 80 85 93 
2483 22 26 34 65 14 0 80 85 93 
2484 22 26 34 65 14 0 15 80 85 93 
2485 22 26 34 65 14 0 15 80 85 83 93 
2486 34 37 42 45 85 94 
2487 34 37 42 45 43 85 94 
2488 34 37 42 45 43 85 94 93 
2489 34 37 42 45 43 85 94 93 87 90 91 92 95 96 97 98 
2490 0 36 46 62 85 99 
2491 0 36 46 62 14 85 91 93 99 
2492 0 36 46 62 14 15 85 91 93 99 
2493 0 36 46 62 14 15 85 83 91 93 99 
2494 1 4 71 79 80 93 
2495 1 4 71 79 14 80 93 97 
2496 1 4 71 79 14 16 80 93 97 
2497 1 4 71 79 14 16 80 84 93 97 
2498 25 58 60 80 90 99 
2499 6 28 39 53 97 99 
2500 6 28 39 53 81 97 91 92 99 
2501 3 14 20 83 87 
2502 3 14 20 16 83 87 
2503 3 14 20 16 83 84 87 
2504 9 16 32 74 83 94 99 
2505 9 16 32 74 14 83 84 94 99 
2506 9 16 32 74 14 0 83 84 94 99 
2507 9 16 32 74 14 0 15 83 84 94 99 
2508 5 54 62 76 82 91 99 
2509 5 54 62 76 82 80 91 99 
2510 5 8 38 45 83 95 99 
2511 5 8 38 45 83 80 95 91 93 99 
2512 62 64 75 84 98 
2513 62 64 75 84 98 87 90 91 92 93 94 95 96 97 
2514 15 16 37 58 86 95 99 
2515 15 16 37 58 14 86 83 84 95 91 93 99 
2516 15 16 37 58 14 0 86 83 84 95 91 93 99 
2517 15 16 37 58 14 0 24 86 83 84 95 91 93 94 98 99 
2518 15 16 37 58 14 0 24 32 86 83 84 95 91 93 94 98 87 90 92 96 97 99 
2519 15 16 37 58 14 0 24 32 22 86 83 84 95 91 93 94 98 87 90 92 96 97 99 
2520 5 20 67 82 90 
2521 5 20 67 82 80 90 
2522 14 26 60 96 
2523 14 26 60 0 85 96 
2524 14 26 60 0 15 85 96 
2525 14 26 60 0 15 85 83 96 
2526 18 24 64 82 87 99 
2527 18 24 64 82 87 96 99 
2528 41 43 78 81 99 
2529 41 43 78 42 81 99 
2530 32 44 76 84 90 99 
2531 3 5 30 80 98 
2532 5 34 47 81 87 
2533 5 34 47 81 80 87 91 93 
2534 5 34 47 16 81 80 87 91 93 
2535 5 34 47 16 81 80 84 87 91 93 
2536 21 45 51 84 93 99 
2537 21 45 51 84 82 93 99 
2538 14 34 49 65 85 99 
2539 14 34 49 65 0 85 91 93 98 99 
2540 14 34 49 65 0 15 85 91 93 98 99 
2541 14 34 49 65 0 15 85 83 91 93 98 99 
2542 15 26 60 84 94 
2543 15 26 60 14 84 83 85 94 
2544 15 26 60 14 0 84 83 85 94 
2545 15 26 60 14 0 7 84 83 85 94 93 
2546 15 26 60 14 0 7 47 84 83 85 94 93 91 92 95 96 97 98 
2547 28 42 76 82 98 
2548 28 42 76 82 98 93 
2549 28 42 76 16 82 98 93 
2550 28 42 76 16 82 84 98 93 
2551 21 44 50 78 85 93 99 
2552 21 44 50 78 85 82 93 99 
2553 18 24 30 85 88 
2554 11 24 33 86 95 
2555 8 28 58 80 93 
2556 8 28 58 16 80 93 90 
2557 8 28 58 16 80 84 93 90 
2558 11 30 40 61 83 95 
2559 11 30 40 61 7 83 95 91 92 93 97 
2560 11 30 40 61 7 21 83 95 91 92 93 97 
2561 11 30 40 61 7 21 6 83 82 95 91 92 93 97 
2562 11 30 40 61 7 21 6 83 82 81 95 91 92 93 97 
2563 18 39 63 93 
2564 18 39 63 93 91 92 
2565 21 28 37 60 82 90 
2566 21 28 37 60 7 82 90 
2567 21 28 37 60 7 6 82 90 93 
2568 21 28 37 60 7 6 82 81 90 93 
2569 16 22 30 43 82 
2570 16 22 30 43 82 84 
2571 1 30 68 75 81 87 
2572 1 30 68 75 14 81 87 
2573 1 30 68 75 14 16 81 87 
2574 1 30 68 75 14 16 81 84 87 
2575 3 30 62 72 83 97 99 
2576 3 24 27 79 85 97 
2577 0 36 64 83 93 99 
2578 0 36 64 14 83 93 99 
2579 0 36 64 14 26 83 93 96 99 
2580 0 36 64 14 26 83 85 93 96 99 
2581 2 7 53 81 93 
2582 2 7 53 21 81 93 
2583 2 7 53 21 6 81 82 93 90 
2584 2 7 53 21 6 26 81 82 93 90 91 92 97 98 
2585 2 7 53 21 6 26 14 81 82 85 93 90 91 92 97 98 94 
2586 2 7 53 21 6 26 14 0 81 82 85 93 90 91 92 97 98 94 95 
2587 3 24 43 49 80 91 
2588 3 24 43 49 80 91 93 98 
2589 3 24 43 49 16 80 91 93 98 
2590 3 24 43 49 16 80 84 91 93 98 
2591 6 18 76 89 99 
2592 6 18 76 21 81 89 99 
2593 6 18 76 21 7 81 82 89 99 
2594 6 18 76 21 7 14 81 82 89 99 
2595 6 18 76 21 7 14 0 81 82 89 99 
2596 6 18 76 21 7 14 0 26 81 82 89 99 
2597 6 18 76 21 7 14 0 26 81 82 85 89 99 
2598 3 47 66 79 86 96 99 
2599 3 47 66 79 86 96 93 97 99 
2600 9 19 45 64 80 87 
2601 9 19 45 64 16 80 87 93 
2602 9 19 45 64 16 80 84 87 93 
2603 2 8 12 31 80 98 
2604 2 8 12 31 16 80 98 
2605 2 8 12 31 16 80 84 98 
2606 12 17 77 89 99 
2607 19 46 53 74 80 97 
2608 19 46 53 74 16 80 97 93 
2609 19 46 53 74 16 80 84 97 93 
2610 38 43 47 80 93 
2611 4 33 64 86 94 99 
2612 47 61 63 78 81 90 
2613 47 61 63 78 81 90 91 93 
2614 47 61 63 78 16 81 90 91 93 
2615 47 61 63 78 16 81 84 90 91 93 
2616 19 33 79 81 97 99 
2617 4 15 33 59 82 93 
2618 4 15 33 59 14 82 83 93 
2619 4 15 33 59 14 0 82 83 93 
2620 4 15 33 59 14 0 26 82 83 93 
2621 4 15 33 59 14 0 26 82 83 85 93 
2622 8 20 47 60 86 97 
2623 8 20 47 60 86 97 91 93 
2624 8 20 47 60 16 86 97 91 93 
2625 8 20 47 60 16 86 84 97 91 93 
2626 14 40 43 81 97 99 
2627 14 40 43 0 81 97 91 92 99 
2628 14 40 43 0 16 81 97 91 92 99 
2629 14 40 43 0 16 81 84 97 91 92 99 
2630 7 9 57 71 80 95 99 
2631 7 9 57 71 21 80 95 99 
2632 7 9 57 71 21 6 80 82 95 99 
2633 7 9 57 71 21 6 80 82 81 95 99 
2634 22 24 67 84 91 
2635 57 71 72 76 83 93 
2636 57 71 72 76 16 83 93 
2637 57 71 72 76 16 83 84 93 
2638 0 6 11 73 98 99 
2639 0 6 11 73 14 81 98 99 
2640 0 6 11 73 14 16 81 98 99 
2641 0 6 11 73 14 16 81 84 98 99 
2642 8 10 50 82 
2643 4 41 52 82 93 
2644 38 46 74 81 89 99 
2645 38 46 74 81 89 91 93 99 
2646 10 15 37 40 82 87 99 
2647 10 15 37 40 16 82 83 87 92 97 99 
2648 10 15 37 40 16 14 82 83 84 87 92 97 99 
2649 10 15 37 40 16 14 0 82 83 84 87 92 97 99 
2650 10 15 37 40 16 14 0 17 82 83 84 87 92 97 91 93 94 95 98 99 
2651 18 35 36 53 84 96 99 
2652 35 43 59 82 89 
2653 8 16 61 69 82 94 99 
2654 8 16 61 69 15 82 84 86 94 99 
2655 8 16 61 69 15 14 82 84 86 83 94 99 
2656 8 16 61 69 15 14 0 82 84 86 83 94 99 
2657 8 16 61 69 15 14 0 82 84 86 83 94 87 90 91 92 93 95 96 97 98 99 
2658 32 69 79 89 
2659 32 69 79 86 89 97 
2660 15 32 52 82 99 
2661 15 32 52 16 82 83 99 
2662 15 32 52 16 14 82 83 84 99 
2663 15 32 52 16 14 0 82 83 84 99 
2664 15 32 52 16 14 0 49 82 83 84 90 91 92 93 94 98 99 
2665 15 32 52 16 14 0 49 39 82 83 84 90 91 92 93 94 98 95 97 99 
2666 15 32 52 16 14 0 49 39 46 82 83 84 90 91 92 93 94 98 95 97 99 
2667 15 32 52 16 14 0 49 39 46 50 82 83 84 90 91 92 93 94 98 95 97 99 
2668 15 32 52 16 14 0 49 39 46 50 29 82 83 84 90 91 92 93 94 98 95 97 96 99 
2669 15 32 52 16 14 0 49 39 46 50 29 30 82 83 84 90 91 92 93 94 98 95 97 96 99 
2670 15 32 52 16 14 0 49 39 46 50 29 30 51 82 83 84 90 91 92 93 94 98 95 97 96 99 
2671 15 32 52 16 14 0 49 39 46 50 29 30 51 7 82 83 84 90 91 92 93 94 98 95 97 96 99 
2672 15 32 52 16 14 0 49 39 46 50 29 30 51 7 58 82 83 84 90 91 92 93 94 98 95 97 96 99 
2673 15 32 52 16 14 0 49 39 46 50 29 30 51 7 58 6 82 83 84 90 91 92 93 94 98 95 97 96 99 
2674 15 32 52 16 14 0 49 39 46 50 29 30 51 7 58 6 17 82 83 84 81 90 91 92 93 94 98 95 97 96 99 
2675 15 32 52 16 14 0 49 39 46 50 29 30 51 7 58 6 17 21 82 83 84 81 90 91 92 93 94 98 95 97 96 99 
2676 15 32 52 16 14 0 49 39 46 50 29 30 51 7 58 6 17 21 79 82 83 84 81 90 91 92 93 94 98 95 97 96 99 
2677 15 32 52 16 14 0 49 39 46 50 29 30 51 7 58 6 17 21 79 78 82 83 84 81 90 91 92 93 94 98 95 97 96 99 
2678 15 32 52 16 14 0 49 39 46 50 29 30 51 7 58 6 17 21 79 78 24 82 83 84 81 90 91 92 93 94 98 95 97 96 99 
2679 15 32 52 16 14 0 49 39 46 50 29 30 51 7 58 6 17 21 79 78 24 60 82 83 84 81 90 91 92 93 94 98 95 97 96 99 
2680 15 32 52 16 14 0 49 39 46 50 29 30 51 7 58 6 17 21 79 78 24 60 66 82 83 84 81 90 91 92 93 94 98 95 97 96 99 
2681 15 32 52 16 14 0 49 39 46 50 29 30 51 7 58 6 17 21 79 78 24 60 66 12 82 83 84 81 90 91 92 93 94 98 95 97 96 99 
2682 15 32 52 16 14 0 49 39 46 50 29 30 51 7 58 6 17 21 79 78 24 60 66 12 54 82 83 84 81 90 91 92 93 94 98 95 97 96 99 
2683 15 32 52 16 14 0 49 39 46 50 29 30 51 7 58 6 17 21 79 78 24 60 66 12 54 13 82 83 84 81 90 91 92 93 94 98 95 97 96 99 
2684 15 32 52 16 14 0 49 39 46 50 29 30 51 7 58 6 17 21 79 78 24 60 66 12 54 13 64 82 83 84 81 90 91 92 93 94 98 95 97 96 99 
2685 15 32 52 16 14 0 49 39 46 50 29 30 51 7 58 6 17 21 79 78 24 60 66 12 54 13 64 63 82 83 84 81 90 91 92 93 94 98 95 97 96 99 
2686 15 32 52 16 14 0 49 39 46 50 29 30 51 7 58 6 17 21 79 78 24 60 66 12 54 13 64 63 9 82 83 84 81 90 91 92 93 94 98 95 97 96 99 
2687 15 32 52 16 14 0 49 39 46 50 29 30 51 7 58 6 17 21 79 78 24 60 66 12 54 13 64 63 9 23 82 83 84 81 90 91 92 93 94 98 95 97 96 99 
2688 15 32 52 16 14 0 49 39 46 50 29 30 51 7 58 6 17 21 79 78 24 60 66 12 54 13 64 63 9 23 69 82 83 84 81 90 91 92 93 94 98 95 97 96 99 
2689 15 32 52 16 14 0 49 39 46 50 29 30 51 7 58 6 17 21 79 78 24 60 66 12 54 13 64 63 9 23 69 70 82 83 84 81 86 90 91 92 93 94 98 95 97 96 99 
2690 15 32 52 16 14 0 49 39 46 50 29 30 51 7 58 6 17 21 79 78 24 60 66 12 54 13 64 63 9 23 69 70 55 82 83 84 81 86 90 91 92 93 94 98 95 97 96 99 
2691 15 32 52 16 14 0 49 39 46 50 29 30 51 7 58 6 17 21 79 78 24 60 66 12 54 13 64 63 9 23 69 70 55 53 82 83 84 81 86 90 91 92 93 94 98 95 97 96 99 
2692 15 32 52 16 14 0 49 39 46 50 29 30 51 7 58 6 17 21 79 78 24 60 66 12 54 13 64 63 9 23 69 70 55 53 11 82 83 84 81 86 90 91 92 93 94 98 95 97 96 99 
2693 20 32 34 97 
2694 20 32 34 16 97 
2695 20 32 34 16 84 97 
2696 30 31 36 40 80 96 
2697 30 31 36 40 7 80 96 92 97 
2698 30 31 36 40 7 6 80 96 92 97 
2699 30 31 36 40 7 6 80 81 96 92 97 
2700 1 2 10 57 86 96 99 
2701 1 2 10 57 14 86 96 99 
2702 1 2 10 57 14 16 86 96 99 
2703 1 2 10 57 14 16 86 84 96 99 
2704 53 63 72 86 98 99 
2705 20 42 64 84 98 
2706 20 42 64 14 84 98 93 
2707 20 42 64 14 0 84 98 93 96 
2708 20 42 64 14 0 16 84 98 93 96 
2709 20 42 64 14 0 16 15 84 98 93 96 
2710 20 42 64 14 0 16 15 84 83 98 93 96 
2711 9 17 47 79 83 88 
2712 9 17 47 79 14 83 88 91 93 97 
2713 9 17 47 79 14 16 83 88 91 93 97 
2714 9 17 47 79 14 16 83 84 88 91 93 97 
2715 13 60 71 79 80 99 
2716 13 60 71 79 80 97 99 
2717 20 31 48 71 90 
2718 20 31 48 71 90 93 
2719 7 53 66 75 85 89 
2720 7 53 66 75 6 85 89 
2721 7 53 66 75 6 85 81 89 
2722 19 25 35 68 82 96 99 
2723 16 34 56 86 91 99 
2724 16 34 56 15 86 84 91 99 
2725 16 34 56 15 14 86 84 83 91 99 
2726 16 34 56 15 14 0 86 84 83 91 99 
2727 23 26 55 91 99 
2728 23 26 55 15 85 91 99 
2729 23 26 55 15 14 85 83 91 99 
2730 23 26 55 15 14 0 85 83 91 99 
2731 1 24 69 84 97 99 
2732 1 24 69 14 84 86 97 99 
2733 1 24 69 14 15 84 86 97 93 99 
2734 1 24 69 14 15 84 86 83 97 93 99 
2735 4 28 34 58 85 
2736 4 28 34 58 85 90 
2737 35 38 46 61 86 90 99 
2738 35 38 46 61 86 90 91 93 99 
2739 17 46 59 82 98 99 
2740 17 46 59 82 98 93 99 
2741 11 46 59 80 96 99 
2742 11 46 59 80 96 93 99 
2743 7 10 13 14 86 92 
2744 7 10 13 14 21 86 92 
2745 7 10 13 14 21 6 86 82 92 
2746 7 10 13 14 21 6 86 82 81 92 
2747 11 49 68 85 95 99 
2748 11 49 68 85 95 93 98 99 
2749 3 18 20 83 87 99 
2750 8 32 58 81 91 
2751 55 58 73 95 
2752 33 48 58 72 82 94 
2753 33 48 58 72 82 94 91 93 
2754 33 48 58 72 16 82 94 91 93 
2755 33 48 58 72 16 82 84 94 91 93 
2756 28 42 61 69 83 94 
2757 28 42 61 69 83 86 94 93 
2758 28 42 61 69 16 83 86 94 93 
2759 28 42 61 69 16 83 86 84 94 93 
2760 39 55 63 85 91 
2761 39 55 63 85 91 92 93 
2762 1 46 49 50 84 87 
2763 1 46 49 50 14 84 87 93 98 
2764 1 46 49 50 14 15 84 87 93 98 
2765 1 46 49 50 14 15 84 83 87 93 98 
2766 10 36 58 70 84 88 
2767 10 36 58 70 84 88 91 93 
2768 32 54 66 73 86 88 99 
2769 32 54 66 73 86 88 97 99 
2770 4 52 63 70 80 93 99 
2771 4 33 64 82 91 99 
2772 3 63 69 81 95 99 
2773 3 63 69 81 86 95 99 
2774 5 8 68 89 
2775 5 8 68 80 89 
2776 15 16 78 82 99 
2777 15 16 78 14 82 83 84 99 
2778 15 16 78 14 0 82 83 84 99 
2779 15 16 78 14 0 40 82 83 84 90 91 92 93 94 95 98 99 
2780 15 16 78 14 0 40 52 82 83 84 90 91 92 93 94 95 98 99 
2781 15 16 78 14 0 40 52 48 82 83 84 90 91 92 93 94 95 98 99 
2782 31 36 69 83 99 
2783 31 36 69 83 86 99 
2784 5 14 18 41 93 99 
2785 5 14 18 41 0 80 93 99 
2786 5 14 18 41 0 16 80 93 99 
2787 5 14 18 41 0 16 80 84 93 99 
2788 9 27 69 72 82 88 99 
2789 9 27 69 72 82 86 88 99 
2790 23 26 36 78 85 94 
2791 23 26 36 78 14 85 94 93 
2792 23 26 36 78 14 0 85 94 93 91 
2793 23 26 36 78 14 0 15 85 94 93 91 
2794 23 26 36 78 14 0 15 85 83 94 93 91 
2795 24 53 73 89 
2796 5 34 67 81 96 99 
2797 5 34 67 81 80 96 99 
2798 8 10 31 80 94 
2799 22 26 34 65 81 93 
2800 22 26 34 65 14 81 85 93 
2801 22 26 34 65 14 0 81 85 93 
2802 22 26 34 65 14 0 15 81 85 93 
2803 22 26 34 65 14 0 15 81 85 83 93 
2804 0 34 47 54 81 96 
2805 0 34 47 54 14 81 96 91 93 
2806 0 34 47 54 14 26 81 96 91 93 
2807 0 34 47 54 14 26 81 85 96 91 93 
2808 23 25 70 81 88 99 
2809 11 51 54 84 95 99 
2810 11 51 54 84 95 98 99 
2811 4 5 8 11 80 93 
2812 4 5 8 11 16 80 93 
2813 4 5 8 11 16 80 84 93 
2814 32 33 73 99 
2815 10 27 37 65 85 96 
2816 10 27 37 65 85 96 93 
2817 2 13 75 80 99 
2818 24 60 62 76 82 90 99 
2819 3 34 50 84 89 
2820 10 47 69 70 82 87 
2821 10 47 69 70 82 86 87 91 93 
2822 7 9 11 80 91 99 
2823 7 9 11 21 80 91 99 
2824 7 9 11 21 6 80 82 91 99 
2825 7 9 11 21 6 80 82 81 91 99 
2826 20 42 64 81 90 
2827 20 42 64 81 90 93 
2828 20 42 64 16 81 90 93 
2829 20 42 64 16 81 84 90 93 
2830 10 30 35 91 
2831 6 16 46 69 84 95 
2832 6 16 46 69 14 84 81 86 95 93 
2833 6 16 46 69 14 0 84 81 86 95 93 
2834 6 16 46 69 14 0 15 84 81 86 95 93 97 
2835 6 16 46 69 14 0 15 84 81 86 83 95 93 97 
2836 22 24 51 80 93 
2837 42 55 60 85 92 
2838 42 55 60 85 92 93 
2839 9 22 50 75 90 99 
2840 7 28 40 81 92 99 
2841 7 28 40 21 81 92 90 91 93 97 99 
2842 7 28 40 21 6 81 82 92 90 91 93 97 99 
2843 7 28 40 21 6 14 81 82 92 90 91 93 97 99 
2844 7 28 40 21 6 14 0 81 82 92 90 91 93 97 99 
2845 7 28 40 21 6 14 0 26 81 82 92 90 91 93 97 99 
2846 7 28 40 21 6 14 0 26 81 82 85 92 90 91 93 97 99 
2847 30 31 36 40 81 97 
2848 30 31 36 40 16 81 97 92 
2849 30 31 36 40 16 81 84 97 92 
2850 1 47 61 86 91 
2851 1 47 61 16 86 91 93 
2852 1 47 61 16 86 84 91 93 
2853 19 51 53 84 88 
2854 27 36 50 79 80 91 
2855 27 36 50 79 80 91 97 
2856 2 15 43 72 83 97 
2857 2 15 43 72 16 83 97 
2858 2 15 43 72 16 83 84 97 
2859 6 39 53 86 99 
2860 6 39 53 86 81 92 99 
2861 9 10 15 83 93 
2862 9 10 15 16 83 93 
2863 9 10 15 16 83 84 93 
2864 23 32 44 45 86 88 
2865 23 32 44 45 16 86 88 91 93 
2866 23 32 44 45 16 86 84 88 91 93 
2867 19 46 53 74 80 94 
2868 19 46 53 74 16 80 94 93 
2869 19 46 53 74 16 80 84 94 93 
2870 36 37 68 85 88 99 
2871 13 35 72 81 89 
2872 19 33 79 86 93 99 
2873 19 33 79 86 93 97 99 
