0 
1 93 97 98 
2 
3 92 93 
4 
5 
6 0 91 92 97 
7 15 
8 83 
9 
10 97 
11 
12 
13 
14 14 
15 16 
16 84 
17 
18 7 86 91 92 93 97 
19 17 
20 14 90 
21 26 98 
22 85 
23 
24 80 
25 
26 14 85 98 
27 0 
28 15 
29 83 
30 
31 91 92 93 
32 
33 16 83 93 
34 14 84 
35 0 
36 5 90 91 94 95 96 98 
37 7 80 
38 2 87 97 
39 21 
40 82 
41 
42 14 84 
43 0 
44 15 
45 
46 14 
47 15 93 96 
48 16 83 
49 84 
50 
51 97 
52 
53 7 91 92 93 97 
54 21 
55 6 82 
56 81 
57 
58 
59 86 
60 
61 
62 82 93 
63 
64 7 91 92 97 
65 21 
66 6 82 
67 81 
68 
69 14 93 95 98 
70 24 
71 10 
72 32 91 
73 41 90 92 94 97 
74 
75 93 
76 
77 7 90 91 92 93 97 
78 17 
79 14 
80 15 
81 83 
82 
83 7 91 92 93 97 
84 17 90 
85 14 
86 16 94 98 
87 31 
88 48 95 96 
89 36 
90 33 
91 52 
92 24 
93 74 
94 50 
95 51 
96 39 
97 79 
98 78 
99 69 
100 9 86 
101 2 
102 20 87 
103 11 
104 58 
105 71 
106 
107 86 93 
108 
109 16 
110 84 
111 
112 14 83 
113 0 
114 16 
115 52 
116 
117 7 82 
118 6 
119 81 
120 
121 16 
122 84 
123 
124 21 
125 6 82 
126 81 
127 
128 93 
129 16 
130 84 
131 
132 93 
133 
134 
135 93 
136 
137 
138 81 
139 
140 16 
141 84 
142 
143 0 91 93 
144 16 
145 84 
146 
147 
148 
149 16 93 
150 84 
151 
152 91 93 97 
153 
154 92 
155 
156 96 
157 
158 91 93 
159 16 
160 14 84 
161 0 
162 15 
163 42 92 94 95 96 97 98 
164 32 
165 
166 93 
167 
168 91 92 93 
169 
170 93 98 
171 
172 86 91 97 
173 
174 93 
175 16 
176 84 
177 
178 81 
179 
180 14 84 92 
181 0 93 
182 15 
183 94 98 
184 
185 14 
186 15 91 93 
187 16 83 
188 84 
189 
190 14 90 91 92 93 
191 15 
192 83 
193 
194 21 81 
195 7 82 
196 14 
197 0 
198 26 
199 85 
200 
201 
202 91 93 
203 
204 21 
205 6 82 
206 79 90 91 92 93 97 98 
207 43 87 94 
208 7 
209 14 
210 0 
211 26 
212 85 
213 
214 80 92 93 
215 
216 0 92 93 
217 26 
218 85 
219 
220 0 92 
221 16 
222 84 
223 
224 93 
225 
226 
227 
228 16 
229 84 
230 
231 
232 16 86 93 
233 84 
234 
235 93 98 
236 
237 14 83 82 
238 0 
239 16 
240 
241 
242 93 
243 
244 21 
245 6 82 
246 81 
247 
248 15 
249 14 83 96 
250 0 
251 52 91 93 94 98 
252 33 
253 59 92 95 
254 48 
255 40 
256 68 97 
257 41 
258 38 
259 
260 14 97 
261 0 
262 15 
263 83 
264 
265 17 91 92 97 
266 14 90 
267 15 93 
268 83 
269 
270 
271 14 93 
272 26 
273 40 85 90 91 92 94 95 97 98 
274 
275 
276 93 98 
277 
278 7 91 92 
279 6 
280 21 81 
281 82 
282 
283 93 
284 
285 16 83 
286 14 84 
287 0 
288 17 
289 2 91 93 94 95 96 98 
290 44 87 92 97 
291 48 
292 
293 16 
294 84 
295 
296 16 
297 84 
298 
299 97 
300 
301 
302 93 
303 97 
304 16 
305 84 
306 
307 84 
308 
309 
310 93 
311 16 
312 84 
313 
314 16 86 93 
315 84 
316 
317 93 98 
318 
319 
320 
321 16 93 
322 14 84 91 
323 0 
324 36 90 92 94 95 96 
325 48 
326 54 87 
327 
328 16 
329 84 
330 
331 92 
332 
333 
334 15 84 91 92 93 
335 14 83 
336 0 
337 48 90 94 95 98 
338 
339 98 
340 
341 14 80 
342 15 
343 83 
344 
345 7 82 
346 6 
347 81 
348 
349 7 
350 6 
351 81 
352 
353 
354 93 
355 
356 
357 7 82 
358 6 
359 81 
360 
361 84 
362 
363 
364 
365 98 
366 
367 
368 87 90 91 92 93 94 95 96 97 98 
369 
370 93 
371 16 
372 84 
373 
374 
375 
376 91 93 
377 
378 16 
379 84 
380 
381 7 80 81 
382 21 91 92 93 97 
383 14 
384 0 
385 
386 
387 
388 93 98 
389 
390 14 
391 26 
392 85 
393 
394 15 84 
395 14 83 
396 0 
397 59 91 92 93 94 95 98 
398 36 96 97 
399 76 
400 
401 14 93 98 
402 15 
403 83 
404 
405 91 93 
406 
407 93 
408 
409 91 92 93 97 
410 
411 15 85 91 93 
412 14 83 
413 0 
414 32 92 94 95 98 
415 66 90 96 
416 87 
417 
418 93 97 98 
419 
420 
421 84 
422 
423 80 
424 
425 14 83 86 
426 0 
427 16 
428 84 
429 
430 
431 91 92 93 
432 
433 16 93 
434 84 
435 
436 
437 16 
438 84 
439 
440 97 
441 16 
442 84 
443 
444 14 
445 16 93 96 
446 84 
447 
448 
449 21 91 93 
450 6 82 
451 81 
452 
453 
454 16 83 
455 84 
456 
457 98 
458 
459 15 81 84 93 98 
460 14 83 
461 0 
462 21 90 94 95 
463 82 
464 
465 
466 7 82 
467 6 
468 81 
469 
470 
471 21 
472 6 82 
473 81 
474 
475 82 91 93 
476 
477 90 91 93 
478 
479 21 86 93 
480 6 82 97 
481 81 
482 
483 92 
484 
485 84 85 
486 
487 14 93 
488 26 
489 85 
490 
491 91 93 
492 
493 93 
494 
495 98 
496 
497 
498 
499 
500 0 
501 15 93 
502 83 
503 
504 
505 
506 
507 7 80 82 91 92 97 98 
508 6 93 
509 81 
510 
511 7 91 92 97 
512 17 93 
513 14 90 
514 15 98 
515 83 
516 
517 15 84 93 98 
518 14 83 
519 0 
520 7 95 
521 24 91 94 
522 17 90 97 
523 
524 93 
525 16 
526 84 
527 
528 93 
529 
530 93 
531 
532 21 91 93 
533 82 
534 
535 84 
536 
537 93 
538 
539 16 
540 84 
541 
542 
543 93 
544 
545 14 83 
546 0 96 
547 26 
548 85 
549 
550 
551 
552 16 81 
553 84 
554 
555 
556 
557 81 84 
558 
559 14 84 93 98 
560 15 
561 83 
562 
563 7 91 93 97 
564 5 90 
565 80 
566 
567 16 
568 84 
569 
570 21 
571 6 82 
572 81 
573 
574 93 
575 
576 91 92 93 
577 
578 
579 21 91 93 
580 6 82 
581 81 
582 
583 80 
584 
585 
586 93 
587 16 
588 84 
589 
590 82 
591 
592 
593 7 86 91 92 93 97 
594 5 
595 80 
596 
597 
598 
599 86 
600 
601 14 
602 15 91 93 
603 83 
604 
605 84 85 
606 
607 7 91 92 93 
608 6 
609 5 81 
610 14 80 
611 0 98 
612 26 
613 85 
614 
615 93 98 
616 
617 7 92 93 97 
618 6 
619 21 81 
620 82 
621 
622 
623 
624 15 84 
625 14 83 
626 0 
627 
628 16 
629 84 
630 
631 15 84 93 98 
632 14 83 
633 0 
634 
635 21 
636 6 82 
637 16 
638 84 
639 
640 87 90 91 92 93 94 95 96 98 
641 
642 
643 93 
644 
645 21 
646 6 82 
647 81 
648 
649 93 
650 
651 0 93 
652 15 
653 83 
654 
655 
656 
657 84 
658 
659 
660 93 
661 
662 93 
663 
664 
665 14 
666 16 
667 84 
668 
669 93 97 
670 
671 14 
672 0 
673 26 
674 85 87 90 91 92 93 94 95 96 97 98 
675 
676 91 
677 
678 
679 14 
680 0 91 93 94 98 
681 16 
682 84 
683 
684 14 85 
685 0 
686 15 
687 83 
688 
689 
690 86 
691 
692 
693 
694 91 93 
695 
696 
697 93 
698 
699 0 
700 26 
701 85 
702 
703 27 91 93 
704 7 
705 15 97 
706 83 
707 
708 93 
709 
710 14 81 
711 0 
712 16 
713 38 91 92 93 94 95 97 98 
714 
715 26 86 
716 85 
717 
718 16 83 92 97 
719 14 84 
720 0 
721 52 91 93 94 98 
722 46 87 90 96 
723 69 
724 48 86 
725 24 
726 22 
727 47 
728 78 
729 49 
730 31 
731 39 
732 21 
733 82 
734 
735 14 84 
736 15 
737 83 
738 
739 14 
740 16 
741 84 
742 
743 15 84 
744 14 83 
745 0 
746 
747 91 92 93 
748 
749 
750 93 
751 
752 
753 
754 84 
755 
756 7 82 
757 6 
758 81 
759 
760 
761 91 92 97 
762 16 
763 84 
764 
765 7 91 92 93 97 
766 5 
767 80 
768 
769 16 86 91 93 
770 84 
771 
772 
773 16 
774 84 
775 
776 14 93 
777 16 
778 84 
779 
780 14 84 92 
781 0 91 93 
782 15 
783 94 
784 
785 0 
786 16 
787 84 
788 
789 97 
790 
791 7 81 91 92 93 97 
792 5 
793 80 87 94 95 96 98 
794 
795 0 
796 16 93 
797 84 
798 
799 91 93 
800 
801 93 
802 
803 97 
804 
805 14 85 
806 0 
807 17 90 91 92 93 94 96 97 98 
808 
809 93 
810 
811 16 
812 84 
813 
814 26 86 
815 85 
816 
817 
818 
819 21 81 97 
820 7 82 
821 14 
822 0 
823 24 
824 26 93 96 98 
825 85 
826 
827 93 
828 16 
829 84 
830 
831 
832 93 
833 
834 16 83 91 92 97 
835 14 84 93 
836 0 
837 43 98 
838 52 95 
839 36 90 96 
840 39 87 
841 29 
842 55 
843 7 
844 48 
845 51 
846 13 
847 17 
848 79 
849 
850 14 91 93 97 
851 16 
852 84 
853 
854 
855 
856 
857 81 
858 
859 16 83 
860 14 84 
861 0 93 
862 7 90 91 94 95 98 
863 2 
864 48 92 97 
865 79 
866 
867 21 83 
868 6 82 
869 81 
870 
871 21 93 
872 6 82 
873 81 
874 
875 97 
876 
877 7 91 92 93 97 
878 17 
879 14 90 
880 26 94 95 98 
881 85 
882 
883 15 84 91 92 97 
884 14 83 
885 0 
886 24 94 
887 
888 16 93 
889 84 
890 
891 
892 15 91 93 
893 14 83 
894 0 98 
895 52 92 96 97 
896 7 94 
897 
898 84 
899 
900 14 84 91 92 93 98 
901 0 
902 15 
903 
904 14 97 
905 15 
906 83 
907 
908 6 96 
909 81 
910 
911 81 
912 
913 15 85 
914 14 83 
915 0 
916 
917 98 
918 
919 85 93 98 
920 
921 81 
922 
923 7 91 92 93 97 
924 14 90 
925 16 94 95 98 
926 84 
927 
928 93 
929 
930 
931 93 
932 
933 93 98 
934 
935 86 87 90 91 92 93 94 95 96 98 
936 
937 91 92 97 
938 
939 93 
940 
941 16 
942 84 
943 
944 80 93 
945 
946 81 
947 
948 91 93 
949 
950 93 
951 
952 7 92 93 97 
953 5 
954 6 80 
955 14 
956 0 91 
957 24 
958 26 94 96 98 
959 85 
960 
961 
962 
963 21 81 
964 82 
965 
966 81 
967 
968 91 93 
969 16 
970 84 
971 
972 21 93 
973 6 82 
974 81 
975 
976 14 93 
977 26 
978 85 
979 
980 14 
981 16 
982 84 
983 
984 93 98 
985 
986 7 90 91 92 93 
987 17 
988 14 
989 26 98 
990 85 
991 
992 97 
993 
994 93 98 
995 
996 91 93 
997 
998 93 
999 
1000 98 
1001 
1002 93 
1003 
1004 16 83 
1005 14 84 
1006 0 
1007 17 
1008 2 90 91 93 94 95 96 
1009 44 87 92 97 
1010 48 
1011 
1012 
1013 84 
1014 
1015 
1016 0 
1017 15 
1018 16 83 
1019 84 
1020 
1021 84 
1022 
1023 
1024 
1025 16 
1026 84 
1027 
1028 16 
1029 84 
1030 
1031 21 93 
1032 6 82 
1033 81 
1034 
1035 14 
1036 16 93 
1037 
1038 93 
1039 
1040 91 93 
1041 
1042 
1043 14 
1044 16 
1045 84 
1046 
1047 93 
1048 16 
1049 84 
1050 
1051 
1052 21 
1053 6 82 
1054 81 
1055 
1056 
1057 7 91 92 93 
1058 17 
1059 14 90 
1060 16 94 98 
1061 84 
1062 
1063 84 
1064 
1065 
1066 
1067 6 93 
1068 81 
1069 
1070 7 82 
1071 6 
1072 81 
1073 
1074 14 97 
1075 16 93 
1076 84 
1077 
1078 21 81 97 
1079 82 
1080 
1081 16 91 93 
1082 84 
1083 
1084 86 
1085 
1086 
1087 80 
1088 
1089 14 
1090 15 
1091 83 
1092 
1093 
1094 
1095 14 93 
1096 16 
1097 84 
1098 
1099 86 87 90 91 93 94 95 96 97 98 
1100 
1101 
1102 16 
1103 84 
1104 
1105 93 
1106 
1107 93 
1108 
1109 14 
1110 26 93 
1111 85 
1112 
1113 86 90 91 92 93 94 95 96 97 98 
1114 
1115 84 
1116 
1117 
1118 
1119 80 
1120 
1121 93 98 
1122 
1123 93 
1124 
1125 14 85 93 
1126 0 
1127 15 
1128 83 
1129 
1130 21 81 97 
1131 7 
1132 14 
1133 0 
1134 15 91 93 
1135 83 
1136 
1137 91 93 
1138 
1139 
1140 14 81 93 98 
1141 15 91 
1142 83 
1143 
1144 91 93 
1145 
1146 93 
1147 
1148 
1149 
1150 14 
1151 0 91 93 
1152 26 
1153 85 
1154 
1155 14 
1156 26 
1157 85 
1158 
1159 15 84 
1160 14 83 96 
1161 0 
1162 21 91 92 93 94 95 98 
1163 82 
1164 
1165 7 80 82 92 97 98 
1166 6 91 93 
1167 81 
1168 
1169 93 95 98 
1170 16 
1171 84 
1172 
1173 7 90 91 92 97 
1174 21 
1175 6 82 
1176 81 
1177 
1178 21 
1179 6 82 
1180 81 
1181 
1182 91 93 
1183 
1184 7 
1185 6 
1186 81 
1187 
1188 
1189 7 82 
1190 6 
1191 81 
1192 
1193 16 83 
1194 84 
1195 
1196 21 
1197 6 82 
1198 81 
1199 
1200 91 92 93 
1201 
1202 
1203 93 
1204 
1205 0 85 93 
1206 15 
1207 83 
1208 
1209 80 93 98 
1210 16 
1211 84 
1212 
1213 84 
1214 
1215 98 
1216 
1217 
1218 
1219 84 
1220 
1221 93 
1222 
1223 
1224 93 98 
1225 16 
1226 84 
1227 
1228 14 93 98 
1229 0 
1230 15 
1231 83 
1232 
1233 92 
1234 
1235 14 
1236 16 93 
1237 
1238 91 93 98 
1239 
1240 16 91 92 93 97 
1241 84 
1242 
1243 
1244 93 97 98 
1245 
1246 0 
1247 26 
1248 85 
1249 
1250 97 
1251 
1252 90 97 
1253 
1254 7 82 92 97 
1255 6 91 93 
1256 81 
1257 
1258 16 83 
1259 84 
1260 
1261 
1262 93 
1263 
1264 7 91 92 97 
1265 6 
1266 81 
1267 
1268 93 98 
1269 
1270 
1271 21 81 93 
1272 82 
1273 
1274 97 
1275 
1276 16 
1277 84 
1278 
1279 14 91 93 95 98 
1280 16 
1281 15 
1282 83 
1283 
1284 14 
1285 16 
1286 84 
1287 
1288 
1289 
1290 
1291 16 91 93 
1292 84 
1293 
1294 93 
1295 
1296 93 98 
1297 
1298 14 93 
1299 16 
1300 84 
1301 
1302 82 91 93 
1303 
1304 93 
1305 
1306 80 93 
1307 
1308 21 81 97 
1309 82 
1310 
1311 84 
1312 
1313 91 93 
1314 
1315 
1316 
1317 91 93 
1318 
1319 97 
1320 
1321 84 85 
1322 
1323 93 
1324 
1325 0 93 
1326 16 
1327 84 
1328 
1329 
1330 
1331 91 93 
1332 
1333 
1334 
1335 93 
1336 
1337 80 
1338 
1339 91 93 
1340 
1341 14 
1342 26 
1343 85 
1344 
1345 84 
1346 
1347 7 91 92 93 97 
1348 21 90 
1349 6 82 
1350 81 
1351 
1352 
1353 93 
1354 
1355 93 
1356 16 
1357 84 
1358 
1359 7 82 
1360 6 
1361 14 
1362 0 
1363 26 
1364 85 
1365 
1366 
1367 93 
1368 
1369 
1370 93 
1371 16 
1372 84 
1373 
1374 15 85 
1375 14 83 
1376 0 
1377 7 91 93 98 
1378 5 90 92 94 96 97 
1379 6 80 
1380 81 
1381 
1382 
1383 6 
1384 81 
1385 
1386 82 
1387 
1388 84 
1389 
1390 97 
1391 21 
1392 82 
1393 
1394 14 85 93 
1395 0 
1396 15 
1397 83 
1398 
1399 16 
1400 84 
1401 
1402 
1403 93 
1404 
1405 15 85 91 93 
1406 14 83 
1407 0 
1408 31 90 92 94 97 
1409 21 
1410 48 82 98 
1411 24 
1412 43 
1413 45 
1414 67 96 
1415 5 
1416 80 
1417 
1418 
1419 7 80 81 
1420 21 91 92 93 97 
1421 82 
1422 
1423 0 93 
1424 16 
1425 84 
1426 
1427 
1428 80 
1429 
1430 
1431 97 
1432 16 
1433 84 
1434 
1435 97 
1436 
1437 97 
1438 
1439 0 
1440 16 
1441 84 
1442 
1443 16 93 98 
1444 84 
1445 
1446 16 
1447 84 
1448 
1449 0 93 
1450 16 
1451 84 
1452 
1453 0 
1454 26 93 
1455 85 
1456 
1457 
1458 
1459 16 93 
1460 84 
1461 
1462 14 85 86 93 97 
1463 0 
1464 15 
1465 83 
1466 
1467 
1468 91 98 
1469 
1470 
1471 
1472 14 85 93 
1473 0 
1474 15 
1475 83 
1476 
1477 7 80 82 92 97 
1478 6 
1479 81 
1480 
1481 
1482 16 
1483 84 
1484 
1485 
1486 14 91 92 93 
1487 0 
1488 15 
1489 83 
1490 
1491 
1492 
1493 0 
1494 16 
1495 84 
1496 
1497 
1498 21 91 98 
1499 6 82 
1500 81 
1501 
1502 82 
1503 
1504 21 91 93 
1505 16 82 
1506 84 
1507 
1508 16 91 
1509 84 
1510 
1511 16 91 92 93 97 
1512 84 
1513 
1514 
1515 
1516 14 93 
1517 16 91 
1518 84 
1519 
1520 14 85 
1521 0 90 93 
1522 7 91 94 95 98 
1523 21 92 96 97 
1524 52 82 
1525 43 
1526 5 
1527 80 
1528 
1529 21 
1530 6 82 97 
1531 81 
1532 
1533 16 
1534 84 
1535 
1536 93 98 
1537 16 
1538 84 
1539 
1540 93 
1541 
1542 84 
1543 
1544 16 
1545 84 
1546 
1547 7 82 
1548 6 
1549 81 
1550 
1551 
1552 
1553 93 
1554 
1555 16 93 
1556 84 
1557 
1558 91 93 97 
1559 16 
1560 84 
1561 
1562 
1563 14 85 
1564 0 
1565 15 
1566 83 
1567 
1568 16 91 93 
1569 84 
1570 
1571 84 
1572 
1573 
1574 7 91 92 93 97 
1575 16 
1576 84 
1577 
1578 93 97 98 
1579 
1580 0 
1581 24 
1582 22 93 96 
1583 7 90 94 95 98 
1584 5 91 97 
1585 6 80 
1586 81 
1587 
1588 15 84 
1589 14 83 
1590 0 93 
1591 60 91 92 94 95 98 
1592 7 96 
1593 
1594 
1595 
1596 
1597 93 
1598 
1599 93 98 
1600 
1601 93 
1602 
1603 14 91 93 94 
1604 16 98 
1605 84 
1606 
1607 86 93 
1608 
1609 93 98 
1610 
1611 91 
1612 
1613 7 81 82 
1614 14 
1615 0 
1616 15 
1617 83 
1618 
1619 86 
1620 
1621 
1622 93 
1623 
1624 93 98 
1625 
1626 91 92 93 
1627 
1628 16 93 98 
1629 84 
1630 
1631 14 82 93 98 
1632 16 
1633 84 
1634 
1635 
1636 14 
1637 0 93 
1638 15 91 
1639 83 
1640 
1641 14 84 93 
1642 17 
1643 15 90 91 94 98 
1644 83 
1645 
1646 93 
1647 
1648 14 
1649 16 
1650 84 
1651 
1652 
1653 93 
1654 
1655 14 82 
1656 15 
1657 83 
1658 
1659 93 
1660 
1661 93 
1662 
1663 14 83 
1664 0 
1665 16 
1666 84 
1667 
1668 
1669 
1670 
1671 93 
1672 
1673 14 
1674 0 
1675 15 
1676 83 
1677 
1678 16 
1679 84 
1680 
1681 90 93 
1682 
1683 84 
1684 
1685 0 85 93 
1686 15 
1687 83 
1688 
1689 16 83 93 98 
1690 14 84 
1691 0 
1692 52 90 91 94 96 
1693 70 92 
1694 43 97 
1695 
1696 7 90 91 93 97 
1697 21 
1698 6 82 
1699 81 
1700 
1701 21 
1702 6 82 
1703 81 
1704 
1705 15 85 
1706 14 83 
1707 0 
1708 
1709 16 83 93 98 
1710 14 84 
1711 0 
1712 
1713 6 
1714 81 
1715 
1716 
1717 93 
1718 
1719 7 91 92 97 
1720 6 
1721 5 81 
1722 14 80 
1723 0 
1724 26 
1725 85 
1726 
1727 91 93 
1728 
1729 5 92 93 97 
1730 80 
1731 
1732 16 
1733 84 
1734 
1735 16 80 83 
1736 14 84 
1737 0 
1738 48 90 91 92 93 
1739 52 98 
1740 50 95 96 
1741 36 
1742 7 
1743 87 97 
1744 
1745 
1746 7 90 92 93 
1747 17 
1748 14 
1749 26 98 
1750 85 
1751 
1752 
1753 86 
1754 
1755 
1756 14 85 
1757 0 93 
1758 15 
1759 83 
1760 
1761 
1762 
1763 
1764 16 
1765 14 84 
1766 0 93 
1767 7 90 91 94 95 98 
1768 48 92 96 
1769 17 
1770 52 
1771 68 87 
1772 
1773 93 
1774 16 
1775 84 
1776 
1777 91 92 93 
1778 
1779 14 83 
1780 0 
1781 26 97 
1782 85 
1783 
1784 80 
1785 
1786 
1787 80 
1788 
1789 15 
1790 14 83 
1791 0 93 
1792 7 90 91 94 95 98 
1793 48 92 96 
1794 17 97 
1795 52 
1796 68 87 
1797 
1798 97 
1799 
1800 91 93 
1801 
1802 91 93 
1803 
1804 93 
1805 16 
1806 84 
1807 
1808 91 93 
1809 16 
1810 84 
1811 
1812 6 96 
1813 81 
1814 
1815 21 
1816 6 
1817 81 
1818 
1819 
1820 14 85 
1821 0 93 
1822 15 
1823 83 
1824 
1825 16 91 93 
1826 84 
1827 
1828 
1829 98 
1830 
1831 91 93 
1832 16 
1833 84 
1834 
1835 81 
1836 
1837 90 91 93 
1838 
1839 91 93 95 98 
1840 
1841 
1842 
1843 14 83 93 98 
1844 0 
1845 16 
1846 50 90 91 92 94 
1847 
1848 82 
1849 
1850 16 
1851 84 
1852 
1853 
1854 84 
1855 
1856 14 93 
1857 26 
1858 85 
1859 
1860 14 
1861 16 
1862 15 
1863 83 
1864 
1865 81 93 
1866 
1867 
1868 16 93 98 
1869 15 84 
1870 83 
1871 
1872 80 81 
1873 
1874 93 
1875 
1876 
1877 15 
1878 83 
1879 
1880 16 
1881 84 
1882 
1883 98 
1884 
1885 
1886 93 
1887 
1888 
1889 16 
1890 84 
1891 
1892 
1893 15 84 91 93 
1894 83 
1895 
1896 14 
1897 0 
1898 15 
1899 83 
1900 
1901 81 
1902 
1903 91 92 
1904 
1905 
1906 
1907 
1908 81 
1909 
1910 16 
1911 84 
1912 
1913 92 93 
1914 
1915 
1916 7 80 
1917 21 91 92 93 96 97 
1918 82 
1919 
1920 
1921 80 93 
1922 
1923 90 93 
1924 
1925 84 
1926 
1927 80 
1928 
1929 14 83 91 93 
1930 0 
1931 16 
1932 
1933 
1934 
1935 98 
1936 
1937 
1938 
1939 86 
1940 
1941 7 92 97 
1942 16 
1943 84 
1944 
1945 
1946 14 93 
1947 16 
1948 84 
1949 
1950 7 86 91 92 93 97 
1951 14 90 
1952 16 94 98 
1953 
1954 87 90 91 92 93 94 95 96 97 98 
1955 
1956 14 83 84 93 95 98 
1957 0 
1958 41 90 91 94 97 
1959 32 
1960 21 
1961 82 
1962 
1963 16 98 
1964 84 
1965 
1966 
1967 93 98 
1968 16 
1969 84 
1970 
1971 
1972 21 93 
1973 6 82 
1974 81 
1975 
1976 14 
1977 16 
1978 84 
1979 
1980 14 
1981 26 98 
1982 85 
1983 
1984 93 
1985 
1986 93 
1987 
1988 14 
1989 0 
1990 16 
1991 15 
1992 83 
1993 
1994 84 
1995 
1996 14 93 
1997 16 
1998 15 90 
1999 83 
2000 
2001 93 
2002 16 
2003 84 
2004 
2005 98 
2006 
2007 7 81 
2008 14 
2009 0 
2010 26 
2011 85 
2012 
2013 81 93 
2014 16 
2015 84 
2016 
2017 16 83 92 97 
2018 14 84 
2019 0 
2020 17 91 93 94 95 98 
2021 
2022 97 
2023 
2024 81 91 93 
2025 16 
2026 84 
2027 
2028 92 93 
2029 
2030 16 82 91 93 
2031 84 
2032 
2033 
2034 0 85 93 
2035 15 
2036 83 
2037 
2038 92 93 
2039 
2040 93 
2041 
2042 16 93 
2043 84 
2044 
2045 15 85 
2046 14 83 
2047 0 
2048 7 
2049 17 90 91 94 95 97 98 
2050 12 92 
2051 46 
2052 
2053 
2054 27 
2055 16 
2056 2 90 93 
2057 7 
2058 60 87 92 94 95 98 
2059 44 96 
2060 
2061 21 93 
2062 6 82 
2063 81 
2064 
2065 21 92 
2066 6 82 
2067 14 
2068 0 91 93 
2069 26 
2070 85 
2071 
2072 
2073 97 
2074 
2075 0 
2076 16 
2077 84 
2078 
2079 16 
2080 84 
2081 
2082 97 
2083 
2084 16 
2085 84 
2086 
2087 16 83 
2088 14 84 
2089 0 
2090 
2091 14 84 97 
2092 0 
2093 15 
2094 83 
2095 
2096 14 85 
2097 0 
2098 15 
2099 83 
2100 
2101 
2102 97 
2103 
2104 93 
2105 
2106 7 81 
2107 21 93 
2108 82 
2109 
2110 93 
2111 
2112 7 80 
2113 21 91 92 93 94 97 98 
2114 82 
2115 
2116 14 91 93 
2117 26 
2118 85 
2119 
2120 
2121 21 81 
2122 7 82 98 
2123 14 
2124 0 
2125 26 93 
2126 85 
2127 
2128 7 82 
2129 6 
2130 14 
2131 0 
2132 24 93 
2133 26 91 96 98 
2134 85 
2135 
2136 86 92 97 
2137 
2138 7 91 92 93 
2139 5 
2140 80 
2141 
2142 14 
2143 26 
2144 85 
2145 
2146 93 
2147 
2148 0 
2149 26 
2150 85 
2151 
2152 93 
2153 16 
2154 84 
2155 
2156 91 93 98 
2157 
2158 14 85 93 
2159 0 
2160 15 
2161 48 90 91 92 94 95 96 98 
2162 60 
2163 87 97 
2164 52 
2165 50 
2166 
2167 16 
2168 84 
2169 
2170 15 84 93 
2171 14 83 
2172 0 
2173 59 90 91 94 95 97 98 
2174 2 96 
2175 21 
2176 32 82 
2177 7 
2178 
2179 93 
2180 
2181 
2182 93 
2183 
2184 14 
2185 0 
2186 15 
2187 83 
2188 
2189 14 91 92 93 
2190 0 
2191 16 
2192 15 
2193 83 
2194 
2195 93 
2196 
2197 81 
2198 
2199 14 83 
2200 0 
2201 26 
2202 85 
2203 
2204 82 
2205 
2206 
2207 
2208 15 85 
2209 83 
2210 
2211 91 92 97 
2212 16 
2213 84 
2214 
2215 93 
2216 16 
2217 84 
2218 
2219 
2220 86 93 
2221 
2222 14 83 93 
2223 0 
2224 16 98 
2225 84 
2226 
2227 14 
2228 16 
2229 15 93 
2230 83 
2231 
2232 81 91 92 93 
2233 
2234 97 
2235 
2236 
2237 7 91 92 93 
2238 17 
2239 14 90 
2240 26 98 
2241 85 
2242 
2243 
2244 86 
2245 
2246 
2247 15 
2248 83 
2249 
2250 
2251 14 85 
2252 0 
2253 15 
2254 43 90 91 92 93 94 95 98 
2255 59 87 96 97 
2256 47 
2257 52 
2258 40 
2259 33 
2260 63 
2261 
2262 16 93 
2263 84 
2264 
2265 
2266 
2267 
2268 7 91 92 93 
2269 16 90 
2270 84 
2271 
2272 
2273 92 93 
2274 
2275 86 
2276 
2277 21 
2278 6 
2279 81 
2280 
2281 7 81 91 92 93 97 
2282 21 
2283 82 
2284 
2285 16 
2286 84 
2287 
2288 98 
2289 
2290 93 
2291 
2292 
2293 
2294 21 93 
2295 6 82 
2296 81 
2297 
2298 
2299 
2300 26 91 92 93 97 
2301 85 
2302 
2303 0 93 
2304 15 
2305 83 
2306 
2307 14 83 
2308 0 
2309 26 
2310 85 
2311 
2312 21 96 
2313 6 82 
2314 81 
2315 
2316 16 
2317 84 
2318 
2319 91 93 97 
2320 
2321 14 83 
2322 0 
2323 16 
2324 84 
2325 
2326 14 93 98 
2327 16 
2328 84 
2329 
2330 14 93 
2331 15 
2332 83 
2333 
2334 84 
2335 
2336 91 92 93 
2337 
2338 93 
2339 
2340 15 85 
2341 14 83 
2342 0 
2343 12 90 91 93 94 95 98 
2344 52 92 97 
2345 23 
2346 40 
2347 67 
2348 
2349 91 93 94 
2350 
2351 
2352 93 98 
2353 
2354 14 
2355 15 93 96 
2356 16 83 
2357 0 90 91 
2358 32 92 94 95 97 
2359 52 
2360 
2361 93 
2362 
2363 
2364 14 97 
2365 16 93 
2366 84 
2367 
2368 
2369 7 90 91 92 93 97 
2370 5 
2371 80 
2372 
2373 14 93 98 
2374 15 
2375 83 
2376 
2377 
2378 
2379 80 93 
2380 
2381 14 
2382 15 
2383 16 83 
2384 84 
2385 
2386 
2387 
2388 
2389 16 93 
2390 84 
2391 
2392 
2393 82 
2394 
2395 93 98 
2396 
2397 16 
2398 84 
2399 
2400 
2401 
2402 16 
2403 84 
2404 
2405 
2406 
2407 14 86 
2408 26 
2409 85 
2410 
2411 93 98 
2412 
2413 93 96 97 
2414 16 
2415 84 
2416 
2417 
2418 21 
2419 6 82 
2420 81 
2421 
2422 
2423 80 
2424 
2425 
2426 14 80 93 
2427 15 
2428 83 
2429 
2430 93 
2431 
2432 
2433 14 90 91 92 93 
2434 16 
2435 84 
2436 
2437 14 
2438 15 93 96 
2439 83 
2440 
2441 7 82 90 
2442 6 93 
2443 14 
2444 0 
2445 
2446 14 98 
2447 16 93 
2448 84 
2449 
2450 16 
2451 84 
2452 
2453 93 98 
2454 
2455 86 
2456 
2457 16 
2458 84 
2459 
2460 7 81 91 92 93 97 98 
2461 21 
2462 82 
2463 
2464 86 91 93 
2465 
2466 93 
2467 
2468 92 93 
2469 
2470 
2471 14 85 
2472 0 90 93 
2473 92 94 95 96 98 
2474 7 
2475 32 97 
2476 60 
2477 42 
2478 87 
2479 
2480 
2481 14 85 
2482 0 
2483 15 
2484 83 
2485 
2486 43 
2487 93 
2488 87 90 91 92 95 96 97 98 
2489 
2490 14 91 93 
2491 15 
2492 83 
2493 
2494 14 97 
2495 16 
2496 84 
2497 
2498 
2499 81 91 92 
2500 
2501 16 
2502 84 
2503 
2504 14 84 
2505 0 
2506 15 
2507 
2508 80 
2509 
2510 80 91 93 
2511 
2512 87 90 91 92 93 94 95 96 97 
2513 
2514 14 83 84 91 93 
2515 0 
2516 24 94 98 
2517 32 87 90 92 96 97 
2518 22 
2519 
2520 80 
2521 
2522 0 85 
2523 15 
2524 83 
2525 
2526 96 
2527 
2528 42 
2529 
2530 
2531 
2532 80 91 93 
2533 16 
2534 84 
2535 
2536 82 
2537 
2538 0 91 93 98 
2539 15 
2540 83 
2541 
2542 14 83 85 
2543 0 
2544 7 93 
2545 47 91 92 95 96 97 98 
2546 
2547 93 
2548 16 
2549 84 
2550 
2551 82 
2552 
2553 
2554 
2555 16 90 
2556 84 
2557 
2558 7 91 92 93 97 
2559 21 
2560 6 82 
2561 81 
2562 
2563 91 92 
2564 
2565 7 
2566 6 93 
2567 81 
2568 
2569 84 
2570 
2571 14 
2572 16 
2573 84 
2574 
2575 
2576 
2577 14 
2578 26 96 
2579 85 
2580 
2581 21 
2582 6 82 90 
2583 26 91 92 97 98 
2584 14 85 94 
2585 0 95 
2586 
2587 93 98 
2588 16 
2589 84 
2590 
2591 21 81 
2592 7 82 
2593 14 
2594 0 
2595 26 
2596 85 
2597 
2598 93 97 
2599 
2600 16 93 
2601 84 
2602 
2603 16 
2604 84 
2605 
2606 
2607 16 93 
2608 84 
2609 
2610 
2611 
2612 91 93 
2613 16 
2614 84 
2615 
2616 
2617 14 83 
2618 0 
2619 26 
2620 85 
2621 
2622 91 93 
2623 16 
2624 84 
2625 
2626 0 91 92 
2627 16 
2628 84 
2629 
2630 21 
2631 6 82 
2632 81 
2633 
2634 
2635 16 
2636 84 
2637 
2638 14 81 
2639 16 
2640 84 
2641 
2642 
2643 
2644 91 93 
2645 
2646 16 83 92 97 
2647 14 84 
2648 0 
2649 17 91 93 94 95 98 
2650 
2651 
2652 
2653 15 84 86 
2654 14 83 
2655 0 
2656 87 90 91 92 93 95 96 97 98 
2657 
2658 86 97 
2659 
2660 16 83 
2661 14 84 
2662 0 
2663 49 90 91 92 93 94 98 
2664 39 95 97 
2665 46 
2666 50 
2667 29 96 
2668 30 
2669 51 
2670 7 
2671 58 
2672 6 
2673 17 81 
2674 21 
2675 79 
2676 78 
2677 24 
2678 60 
2679 66 
2680 12 
2681 54 
2682 13 
2683 64 
2684 63 
2685 9 
2686 23 
2687 69 
2688 70 86 
2689 55 
2690 53 
2691 11 
2692 
2693 16 
2694 84 
2695 
2696 7 92 97 
2697 6 
2698 81 
2699 
2700 14 
2701 16 
2702 84 
2703 
2704 
2705 14 93 
2706 0 96 
2707 16 
2708 15 
2709 83 
2710 
2711 14 91 93 97 
2712 16 
2713 84 
2714 
2715 97 
2716 
2717 93 
2718 
2719 6 
2720 81 
2721 
2722 
2723 15 84 
2724 14 83 
2725 0 
2726 
2727 15 85 
2728 14 83 
2729 0 
2730 
2731 14 86 
2732 15 93 
2733 83 
2734 
2735 90 
2736 
2737 91 93 
2738 
2739 93 
2740 
2741 93 
2742 
2743 21 
2744 6 82 
2745 81 
2746 
2747 93 98 
2748 
2749 
2750 
2751 
2752 91 93 
2753 16 
2754 84 
2755 
2756 86 93 
2757 16 
2758 84 
2759 
2760 92 93 
2761 
2762 14 93 98 
2763 15 
2764 83 
2765 
2766 91 93 
2767 
2768 97 
2769 
2770 
2771 
2772 86 
2773 
2774 80 
2775 
2776 14 83 84 
2777 0 
2778 40 90 91 92 93 94 95 98 
2779 52 
2780 48 
2781 
2782 86 
2783 
2784 0 80 
2785 16 
2786 84 
2787 
2788 86 
2789 
2790 14 93 
2791 0 91 
2792 15 
2793 83 
2794 
2795 
2796 80 
2797 
2798 
2799 14 85 
2800 0 
2801 15 
2802 83 
2803 
2804 14 91 93 
2805 26 
2806 85 
2807 
2808 
2809 98 
2810 
2811 16 
2812 84 
2813 
2814 
2815 93 
2816 
2817 
2818 
2819 
2820 86 91 93 
2821 
2822 21 
2823 6 82 
2824 81 
2825 
2826 93 
2827 16 
2828 84 
2829 
2830 
2831 14 81 86 93 
2832 0 
2833 15 97 
2834 83 
2835 
2836 
2837 93 
2838 
2839 
2840 21 90 91 93 97 
2841 6 82 
2842 14 
2843 0 
2844 26 
2845 85 
2846 
2847 16 92 
2848 84 
2849 
2850 16 93 
2851 84 
2852 
2853 
2854 97 
2855 
2856 16 
2857 84 
2858 
2859 81 92 
2860 
2861 16 
2862 84 
2863 
2864 16 91 93 
2865 84 
2866 
2867 16 93 
2868 84 
2869 
2870 
2871 
2872 97 
2873 
